1 0.12265625 0.2296875 0.2453125 0.459375
1 0.95390625 0.21953125 0.0921875 0.4109375
1 0.8125 0.14375 0.24375 0.2875
3 0.6109375 0.1390625 0.290625 0.278125
3 0.7578125 0.29296875 0.35625 0.3328125
9 0.98359375 0.175 0.0328125 0.103125
1 0.38203125 0.53046875 0.1546875 0.1421875
3 0.15546875 0.5078125 0.3109375 0.096875
3 0.1640625 0.5953125 0.328125 0.234375
3 0.2296875 0.8328125 0.459375 0.315625
9 0.44609375 0.509375 0.0265625 0.1
9 0.77578125 0.8671875 0.0921875 0.09375
1 0.7 0.7296875 0.48125 0.540625