1 0.25625 0.1453125 0.5125 0.290625
9 0.275 0.0484375 0.23125 0.096875
7 0.79140625 0.29765625 0.4171875 0.1421875
7 0.82421875 0.184375 0.3515625 0.36875
7 0.59296875 0.10234375 0.1484375 0.2046875
7 0.58046875 0.19375 0.1234375 0.35
7 0.67890625 0.171875 0.3203125 0.34375
0 0.43671875 0.7328125 0.1640625 0.2875
0 0.26953125 0.6 0.20625 0.2859375
0 0.47109375 0.54296875 0.0953125 0.2265625
0 0.4734375 0.4171875 0.090625 0.096875
0 0.20859375 0.44453125 0.1734375 0.1515625
0 0.09453125 0.4640625 0.1890625 0.190625
0 0.64921875 0.684375 0.2609375 0.63125
0 0.83125 0.684375 0.3375 0.63125
0 0.95625 0.684375 0.0875 0.63125