9 0.3390625 0.28515625 0.40625 0.3140625
1 0.284375 0.26484375 0.56875 0.5296875
2 0.784375 0.26484375 0.43125 0.5296875
3 0.26484375 0.69296875 0.4671875 0.3265625
3 0.71640625 0.92421875 0.1421875 0.1265625
3 0.71953125 0.859375 0.115625 0.0609375
3 0.77890625 0.79921875 0.096875 0.06875
3 0.81953125 0.81953125 0.1109375 0.0828125
3 0.83125 0.90078125 0.1359375 0.13125
3 0.8671875 0.96328125 0.184375 0.0734375
3 0.96328125 0.94140625 0.0734375 0.1171875
3 0.946875 0.8609375 0.10625 0.121875
3 0.9234375 0.71328125 0.075 0.0640625
3 0.9515625 0.78125 0.096875 0.084375
8 0.91484375 0.68515625 0.0265625 0.0234375
8 0.9828125 0.75625 0.0328125 0.0234375
8 0.8390625 0.7953125 0.03125 0.0234375
8 0.75234375 0.78203125 0.0296875 0.025
8 0.85 0.85703125 0.04375 0.034375
8 0.80625 0.96796875 0.0453125 0.0375