8 0.4296875 0.1578125 0.1734375 0.159375
7 0.4421875 0.31796875 0.275 0.2421875
7 0.78984375 0.06328125 0.4203125 0.1265625
7 0.9296875 0.13125 0.140625 0.13125
7 0.71796875 0.1421875 0.2765625 0.284375
0 0.14609375 0.646875 0.1578125 0.30625
0 0.08125 0.6265625 0.1625 0.375
0 0.2625 0.61015625 0.2875 0.3421875
0 0.48515625 0.63984375 0.1890625 0.3890625
0 0.0625 0.87890625 0.125 0.1828125
0 0.1203125 0.86171875 0.240625 0.1796875
0 0.403125 0.82265625 0.353125 0.1703125
7 0.81171875 0.56015625 0.3765625 0.2421875
7 0.95859375 0.6859375 0.0828125 0.13125
7 0.746875 0.6390625 0.334375 0.4