2 0.2296875 0.16171875 0.459375 0.3234375
2 0.7296875 0.175 0.540625 0.35
3 0.4203125 0.63671875 0.078125 0.0484375
3 0.39375 0.6671875 0.096875 0.0609375
3 0.403125 0.7453125 0.1109375 0.10625
3 0.39609375 0.88515625 0.1265625 0.1953125
3 0.2296875 0.959375 0.15625 0.08125
3 0.2515625 0.853125 0.13125 0.1359375
3 0.26875 0.74140625 0.1171875 0.09375
3 0.26875 0.59296875 0.0640625 0.05
3 0.253125 0.66484375 0.096875 0.0625
3 0.1640625 0.74609375 0.109375 0.103125
3 0.12421875 0.88125 0.140625 0.1703125
3 0.0421875 0.6546875 0.0796875 0.1609375
3 0.10625 0.67734375 0.090625 0.1265625
3 0.040625 0.85234375 0.08125 0.2546875
8 0.2703125 0.56484375 0.0234375 0.0171875
8 0.225 0.6484375 0.028125 0.0171875
8 0.36875 0.64921875 0.0265625 0.0171875
8 0.446875 0.6140625 0.025 0.01875
8 0.37421875 0.71015625 0.0375 0.0234375
8 0.440625 0.8015625 0.0375 0.028125
8 0.0078125 0.625 0.015625 0.025
8 0.2328125 0.9296875 0.0546875 0.0421875
2 0.7296875 0.675 0.540625 0.65