8 0.284375 0.0390625 0.06875 0.078125
7 0.26796875 0.24765625 0.1015625 0.4234375
0 0.35234375 0.1078125 0.0671875 0.10625
0 0.471875 0.0921875 0.0625 0.0796875
0 0.659375 0.05234375 0.128125 0.1046875
0 0.79765625 0.03515625 0.1296875 0.0703125
0 0.05859375 0.88046875 0.1171875 0.0984375
0 0.2046875 0.8546875 0.1296875 0.0828125
1 0.55625 0.82578125 0.296875 0.3484375
1 0.75859375 0.6609375 0.228125 0.3875
3 0.90703125 0.6390625 0.1859375 0.30625
3 0.853125 0.83984375 0.29375 0.3203125
9 0.74765625 0.528125 0.0609375 0.0609375
9 0.58203125 0.79765625 0.1109375 0.0984375