1 0.20390625 0.16171875 0.2515625 0.3234375
0 0.584375 0.08046875 0.1625 0.1609375
0 0.74140625 0.0515625 0.1078125 0.103125
0 0.8828125 0.05625 0.125 0.1125
0 0.96171875 0.053125 0.0765625 0.10625
3 0.0390625 0.8125 0.078125 0.31875
1 0.109375 0.59765625 0.21875 0.3859375
1 0.2140625 0.48984375 0.23125 0.2609375
3 0.2921875 0.5671875 0.075 0.2375
9 0.04453125 0.58046875 0.0890625 0.1109375
0 0.490625 0.50234375 0.21875 0.2859375
0 0.709375 0.43359375 0.309375 0.1484375
0 0.559375 0.715625 0.2671875 0.10625
0 0.84296875 0.7703125 0.271875 0.109375