8 0.3421875 0.1640625 0.0828125 0.071875
7 0.34296875 0.35078125 0.1828125 0.3546875
3 0.75 0.2453125 0.5 0.415625
8 0.540625 0.2859375 0.08125 0.140625
0 0.28046875 0.76015625 0.1390625 0.0640625
0 0.2421875 0.90390625 0.1234375 0.05
0 0.30078125 0.95859375 0.1234375 0.0828125
0 0.3453125 0.98203125 0.115625 0.0359375
1 0.5328125 0.83515625 0.065625 0.2734375
9 0.71875 0.68515625 0.0734375 0.046875
1 0.6984375 0.76484375 0.178125 0.2296875
3 0.90078125 0.88671875 0.1984375 0.2265625
8 0.95703125 0.90859375 0.0859375 0.1171875