1 0.19453125 0.35859375 0.3890625 0.3203125
9 0.18828125 0.44375 0.1390625 0.15
7 0.76796875 0.14765625 0.1546875 0.1671875
7 0.53359375 0.2359375 0.2234375 0.1484375
7 0.50546875 0.38828125 0.2 0.1578125
7 0.76953125 0.34921875 0.4609375 0.3015625
7 0.95703125 0.4390625 0.0859375 0.159375
8 0.73828125 0.053125 0.053125 0.0375
8 0.89375 0.48515625 0.071875 0.0640625
8 0.6625 0.196875 0.0484375 0.0703125
8 0.5828125 0.37734375 0.053125 0.06875
1 0.28046875 0.62890625 0.1953125 0.2203125
1 0.26015625 0.8640625 0.2578125 0.271875
9 0.28125 0.61953125 0.0671875 0.0859375
1 0.69453125 0.7390625 0.6109375 0.440625