2 0.33984375 0.11484375 0.6796875 0.2296875
2 0.33984375 0.159375 0.6796875 0.31875
2 0.33984375 0.23984375 0.6796875 0.1578125
7 0.78125 0.0828125 0.203125 0.165625
8 0.8328125 0.10078125 0.125 0.1453125
1 0.08046875 0.34296875 0.1609375 0.0484375
1 0.19609375 0.36953125 0.1359375 0.1015625
1 0.26171875 0.503125 0.153125 0.1625
9 0.18359375 0.33515625 0.0390625 0.0328125
9 0.26015625 0.5171875 0.0453125 0.040625
4 0.76328125 0.609375 0.1671875 0.58125
4 0.83984375 0.61484375 0.3203125 0.5921875
4 0.92109375 0.62890625 0.1578125 0.6203125