1 0.2 0.175 0.4 0.35
8 0.8296875 0.1046875 0.0875 0.059375
8 0.7140625 0.1015625 0.078125 0.06875
8 0.6 0.24296875 0.0671875 0.0859375
8 0.834375 0.25 0.084375 0.0703125
7 0.89375 0.28515625 0.2125 0.3828125
7 0.8078125 0.3875 0.346875 0.24375
7 0.57109375 0.38828125 0.2609375 0.2421875
7 0.646875 0.2703125 0.2875 0.3078125
7 0.4984375 0.3484375 0.196875 0.240625
0 0.26328125 0.8203125 0.1859375 0.2671875
4 0.5859375 0.77421875 0.340625 0.4515625
3 0.82265625 0.7546875 0.3546875 0.490625
8 0.85 0.5921875 0.18125 0.165625