1 0.17265625 0.3296875 0.3453125 0.659375
9 0.0265625 0.06015625 0.053125 0.1203125
4 0.4625 0.3375 0.125 0.53125
4 0.475 0.27265625 0.15 0.4734375
4 0.53984375 0.23828125 0.175 0.4390625
4 0.6015625 0.2015625 0.146875 0.403125
4 0.66875 0.18359375 0.153125 0.3671875
4 0.73046875 0.16328125 0.1328125 0.3265625
4 0.78046875 0.13125 0.1140625 0.2625
4 0.853125 0.09453125 0.090625 0.1890625
4 0.959375 0.29765625 0.0734375 0.1953125
4 0.73515625 0.5421875 0.0578125 0.065625
4 0.77421875 0.5296875 0.0546875 0.0765625
4 0.8203125 0.50625 0.0734375 0.1109375
4 0.85703125 0.48515625 0.0859375 0.14375
0 0.14140625 0.75703125 0.2828125 0.1953125
0 0.3109375 0.7265625 0.178125 0.134375
0 0.2796875 0.8796875 0.240625 0.240625
0 0.18046875 0.853125 0.140625 0.284375
7 0.7 0.90234375 0.6 0.1953125