0 0.13984375 0.26171875 0.2796875 0.3921875
0 0.2109375 0.19140625 0.421875 0.3828125
0 0.47109375 0.1703125 0.1765625 0.340625
3 0.9359375 0.4328125 0.128125 0.259375
3 0.77265625 0.34453125 0.1890625 0.2578125
1 0.6046875 0.221875 0.090625 0.24375
1 0.7015625 0.21171875 0.1859375 0.2265625
9 0.6734375 0.12578125 0.075 0.0546875
2 0.4671875 0.634375 0.184375 0.13125
2 0.10703125 0.72734375 0.2140625 0.3171875
2 0.37890625 0.72265625 0.3609375 0.2859375
0 0.62265625 0.6390625 0.1265625 0.05625
0 0.5921875 0.77890625 0.065625 0.0421875
0 0.61953125 0.84140625 0.1203125 0.071875
0 0.65703125 0.9234375 0.1078125 0.1328125