9 0.05078125 0.478125 0.1015625 0.0625
9 0.38203125 0.47109375 0.0546875 0.0765625
9 0.1578125 0.34453125 0.1109375 0.0578125
9 0.7859375 0.1953125 0.146875 0.1703125
9 0.5890625 0.47265625 0.128125 0.0734375
1 0.74296875 0.18671875 0.5140625 0.3734375
1 0.7421875 0.334375 0.515625 0.35
4 0.35859375 0.76328125 0.1015625 0.4734375
4 0.33515625 0.78203125 0.1484375 0.4359375
4 0.3046875 0.79609375 0.18125 0.4078125
4 0.24375 0.8109375 0.178125 0.378125
4 0.17734375 0.8234375 0.1734375 0.353125
4 0.13125 0.834375 0.146875 0.33125
3 0.71953125 0.65859375 0.1953125 0.271875
3 0.678125 0.8765625 0.2390625 0.24375
1 0.56796875 0.60859375 0.2421875 0.1984375
1 0.53046875 0.73671875 0.2015625 0.2546875
9 0.5953125 0.5296875 0.103125 0.040625
9 0.515625 0.7125 0.09375 0.0859375