7 0.2171875 0.3671875 0.36875 0.325
7 0.09765625 0.36171875 0.1953125 0.3359375
8 0.15703125 0.16171875 0.13125 0.10625
8 0.05703125 0.16484375 0.1140625 0.1234375
4 0.92265625 0.40625 0.1546875 0.246875
4 0.8859375 0.3765625 0.175 0.30625
4 0.8171875 0.365625 0.18125 0.328125
4 0.75390625 0.38359375 0.1546875 0.2921875
4 0.70390625 0.3515625 0.1328125 0.34375
4 0.634375 0.303125 0.1078125 0.284375
4 0.509375 0.48828125 0.084375 0.0828125
0 0.35 0.615625 0.178125 0.171875
0 0.32421875 0.67421875 0.1546875 0.1859375
9 0.70625 0.8359375 0.096875 0.06875
1 0.63828125 0.734375 0.3984375 0.409375