1 0.26484375 0.184375 0.5296875 0.36875
9 0.31328125 0.08203125 0.2796875 0.1640625
3 0.6390625 0.153125 0.21875 0.30625
3 0.76953125 0.17578125 0.3421875 0.3515625
8 0.4046875 0.44453125 0.15625 0.1515625
3 0.37265625 0.684375 0.3140625 0.63125
3 0.428125 0.9046875 0.203125 0.190625
3 0.13515625 0.92265625 0.2703125 0.1546875
4 0.1265625 0.6859375 0.253125 0.628125
4 0.9234375 0.72578125 0.153125 0.5484375
4 0.809375 0.73046875 0.234375 0.5390625
4 0.65 0.73984375 0.23125 0.5203125
4 0.5703125 0.79765625 0.08125 0.4046875