2 0.31484375 0.209375 0.6296875 0.41875
7 0.9015625 0.04609375 0.184375 0.0921875
7 0.81484375 0.203125 0.3703125 0.390625
7 0.67109375 0.265625 0.0828125 0.203125
7 0.81484375 0.40859375 0.3703125 0.2828125
8 0.71484375 0.3265625 0.084375 0.078125
8 0.6484375 0.3890625 0.0375 0.08125
8 0.9859375 0.06328125 0.028125 0.0796875
0 0.48515625 0.77421875 0.225 0.3125
0 0.2453125 0.7734375 0.1859375 0.2875
0 0.08984375 0.66328125 0.1796875 0.2265625
0 0.3046875 0.62421875 0.153125 0.1484375
0 0.5375 0.6046875 0.184375 0.109375
7 0.70078125 0.7265625 0.1421875 0.353125
7 0.809375 0.64921875 0.359375 0.1984375