9 0.084375 0.06328125 0.140625 0.1265625
1 0.1796875 0.209375 0.359375 0.41875
4 0.85625 0.209375 0.2875 0.41875
4 0.58984375 0.2125 0.3171875 0.4125
4 0.41328125 0.23359375 0.1078125 0.3703125
9 0.328125 0.8375 0.0625 0.153125
1 0.271875 0.83984375 0.175 0.3203125
4 0.96796875 0.6609375 0.0640625 0.484375
4 0.90390625 0.64609375 0.1921875 0.4546875
4 0.79921875 0.6296875 0.2109375 0.421875
4 0.584375 0.64453125 0.19375 0.4515625
4 0.70859375 0.65859375 0.1859375 0.4796875
4 0.47734375 0.69453125 0.2046875 0.465625
4 0.40703125 0.71953125 0.0953125 0.5515625