4 0.16875 0.21484375 0.3375 0.4296875
7 0.4359375 0.1765625 0.09375 0.253125
7 0.70234375 0.09453125 0.3421875 0.1890625
7 0.58984375 0.23515625 0.2578125 0.265625
7 0.9015625 0.075 0.196875 0.15
7 0.8265625 0.2078125 0.290625 0.2453125
8 0.546875 0.11875 0.06875 0.0765625
8 0.4828125 0.15234375 0.0703125 0.071875
8 0.68984375 0.128125 0.0765625 0.0734375
8 0.51875 0.34609375 0.0765625 0.0765625
3 0.09921875 0.73125 0.1984375 0.403125
3 0.19453125 0.65703125 0.3890625 0.4546875
7 0.61875 0.746875 0.3125 0.50625
7 0.8421875 0.75625 0.29375 0.4875
8 0.58125 0.4859375 0.096875 0.0640625
8 0.8265625 0.4953125 0.1078125 0.0859375