1 0.14375 0.15625 0.2875 0.3125
1 0.26484375 0.18984375 0.5296875 0.3796875
3 0.69140625 0.0578125 0.3234375 0.115625
3 0.68203125 0.1703125 0.3046875 0.190625
3 0.76484375 0.30390625 0.4703125 0.1515625
0 0.48515625 0.7640625 0.0890625 0.265625
0 0.359375 0.7140625 0.1015625 0.2609375
0 0.215625 0.74375 0.121875 0.225
0 0.08515625 0.7625 0.1703125 0.1875
1 0.64453125 0.471875 0.1296875 0.184375
1 0.7984375 0.48984375 0.2625 0.2203125
3 0.959375 0.5125 0.08125 0.246875
3 0.8234375 0.75078125 0.353125 0.3296875
8 0.7078125 0.7296875 0.0734375 0.1