2 0.18984375 0.3046875 0.3796875 0.609375
2 0.18984375 0.41171875 0.3796875 0.3953125
7 0.49921875 0.19609375 0.2390625 0.3921875
7 0.81796875 0.20703125 0.3046875 0.4140625
7 0.659375 0.19921875 0.275 0.3984375
3 0.22109375 0.9671875 0.1921875 0.065625
3 0.278125 0.88125 0.15 0.153125
3 0.3125 0.77265625 0.1296875 0.109375
3 0.3359375 0.6296875 0.06875 0.040625
3 0.3078125 0.69296875 0.1046875 0.0734375
3 0.20703125 0.759375 0.1234375 0.1171875
3 0.14453125 0.890625 0.1625 0.1875
3 0.0984375 0.671875 0.1 0.125
3 0.159375 0.68203125 0.1078125 0.1375
3 0.02109375 0.67734375 0.0421875 0.1359375
3 0.06171875 0.84140625 0.1234375 0.2703125
3 0.021875 0.85859375 0.04375 0.2734375
8 0.28359375 0.67265625 0.0296875 0.0203125
8 0.05625 0.61796875 0.04375 0.0171875
8 0.2453125 0.95546875 0.0609375 0.0484375
1 0.5796875 0.8046875 0.4 0.390625