2 0.2296875 0.2296875 0.459375 0.459375
3 0.66875 0.05 0.2125 0.1
3 0.73203125 0.16875 0.234375 0.1984375
1 0.859375 0.10078125 0.190625 0.2015625
9 0.86328125 0.05 0.0671875 0.05625
9 0.1953125 0.89453125 0.0828125 0.0890625
1 0.2 0.88984375 0.21875 0.2203125
3 0.27890625 0.70234375 0.23125 0.2671875
7 0.80625 0.82109375 0.3875 0.3578125
7 0.8296875 0.6296875 0.340625 0.340625
7 0.56328125 0.540625 0.2078125 0.1625
7 0.5515625 0.67890625 0.184375 0.3984375
7 0.5390625 0.82578125 0.159375 0.3484375
7 0.6828125 0.60078125 0.284375 0.2828125