2 0.33046875 0.225 0.5578125 0.45
2 0.3046875 0.2484375 0.609375 0.403125
3 0.784375 0.3296875 0.33125 0.240625
1 0.93359375 0.31484375 0.1328125 0.2703125
9 0.96328125 0.20703125 0.0734375 0.0421875
7 0.4484375 0.75390625 0.321875 0.4921875
7 0.3 0.81015625 0.6 0.3796875
1 0.7125 0.6421875 0.20625 0.240625
1 0.7046875 0.83046875 0.190625 0.1984375
3 0.8796875 0.5890625 0.240625 0.225
3 0.81015625 0.82265625 0.3796875 0.3546875
9 0.6375 0.6765625 0.05625 0.1
9 0.63046875 0.8359375 0.0421875 0.078125
8 0.878125 0.9515625 0.175 0.096875