1 0.22734375 0.29453125 0.2640625 0.5890625
1 0.04765625 0.29453125 0.0953125 0.5890625
3 0.94921875 0.13046875 0.1015625 0.2609375
3 0.56171875 0.078125 0.4046875 0.15625
3 0.7328125 0.34375 0.440625 0.490625
3 0.47734375 0.19921875 0.2359375 0.3984375
2 0.1796875 0.6421875 0.359375 0.10625
4 0.96875 0.68984375 0.0625 0.2015625
4 0.9 0.69296875 0.11875 0.2078125
4 0.79921875 0.69375 0.1234375 0.209375
4 0.69453125 0.69765625 0.1328125 0.2171875
4 0.5765625 0.70390625 0.134375 0.2296875
4 0.45546875 0.709375 0.1453125 0.240625