4 0.3375 0.17109375 0.184375 0.3421875
4 0.24765625 0.184375 0.2859375 0.36875
4 0.1328125 0.184375 0.265625 0.36875
2 0.909375 0.17890625 0.18125 0.3578125
2 0.69453125 0.18671875 0.5171875 0.3640625
2 0.76484375 0.309375 0.4703125 0.11875
2 0.30546875 0.575 0.2484375 0.4125
3 0.91640625 0.58515625 0.1671875 0.4328125
1 0.7203125 0.5640625 0.290625 0.30625
1 0.76875 0.75625 0.24375 0.24375
3 0.91171875 0.6921875 0.1765625 0.28125
9 0.7140625 0.5109375 0.103125 0.121875
9 0.7859375 0.76171875 0.10625 0.109375