4 0.39453125 0.28984375 0.1296875 0.5796875
4 0.22734375 0.26640625 0.2171875 0.5328125
4 0.5515625 0.3359375 0.184375 0.4875
4 0.65859375 0.3234375 0.1984375 0.5125
4 0.721875 0.278125 0.1375 0.4921875
4 0.79921875 0.24453125 0.1546875 0.45625
4 0.86640625 0.2109375 0.1234375 0.421875
4 0.93671875 0.19453125 0.1265625 0.3890625
4 0.9734375 0.175 0.053125 0.35
4 0.9765625 0.5625 0.046875 0.034375
1 0.2296875 0.78984375 0.459375 0.4203125
9 0.13125 0.77421875 0.165625 0.1671875
3 0.85703125 0.79140625 0.2859375 0.4171875
8 0.84296875 0.60625 0.1359375 0.053125