2 0.159375 0.1703125 0.31875 0.340625
9 0.6921875 0.0734375 0.0765625 0.0765625
3 0.7296875 0.04140625 0.23125 0.0828125
3 0.86640625 0.17734375 0.2515625 0.3546875
1 0.66484375 0.1671875 0.2515625 0.334375
1 0.50078125 0.11015625 0.3015625 0.2203125
0 0.115625 0.73125 0.23125 0.3125
0 0.0328125 0.64453125 0.065625 0.2109375
0 0.07578125 0.934375 0.1515625 0.13125
0 0.83828125 0.6671875 0.1390625 0.109375
0 0.6953125 0.628125 0.06875 0.0703125
0 0.5 0.553125 0.1296875 0.10625
0 0.3734375 0.503125 0.109375 0.09375