4 0.20546875 0.15859375 0.2515625 0.3171875
3 0.77109375 0.4453125 0.1671875 0.046875
3 0.9 0.41015625 0.2 0.1171875
3 0.9703125 0.40390625 0.059375 0.1296875
3 0.940625 0.2921875 0.11875 0.15625
3 0.85625 0.31796875 0.15 0.2046875
3 0.82421875 0.17734375 0.1328125 0.1140625
3 0.79765625 0.11953125 0.1109375 0.05
3 0.72109375 0.0875 0.0921875 0.059375
3 0.69375 0.1234375 0.103125 0.0734375
3 0.7140625 0.2 0.1265625 0.121875
3 0.7328125 0.3390625 0.1640625 0.2140625
3 0.584375 0.42734375 0.19375 0.0828125
3 0.57890625 0.32734375 0.15 0.153125
3 0.58046875 0.21484375 0.128125 0.109375
3 0.559375 0.065625 0.06875 0.0578125
3 0.55234375 0.14140625 0.103125 0.075
3 0.47578125 0.2328125 0.121875 0.1171875
3 0.45546875 0.375 0.1625 0.1875
3 0.38046875 0.1578125 0.0234375 0.16875
3 0.415625 0.1734375 0.09375 0.1375
3 0.39765625 0.34609375 0.0578125 0.2453125
8 0.55703125 0.0375 0.0265625 0.0203125
8 0.5234375 0.128125 0.0296875 0.021875
8 0.66640625 0.1078125 0.0296875 0.021875
8 0.73984375 0.0625 0.028125 0.021875
8 0.68046875 0.1671875 0.040625 0.0296875
8 0.76015625 0.25078125 0.0421875 0.034375
8 0.99296875 0.22734375 0.0140625 0.0421875
8 0.56953125 0.40625 0.0609375 0.0484375
8 0.89375 0.3765625 0.0703125 0.0546875
0 0.05859375 0.55234375 0.1171875 0.1671875
0 0.1171875 0.8875 0.234375 0.121875
3 0.8890625 0.70625 0.221875 0.475
3 0.71015625 0.73359375 0.4421875 0.5296875
3 0.48671875 0.734375 0.2359375 0.53125