3 0.26953125 0.26953125 0.0609375 0.5390625
3 0.71796875 0.40390625 0.3328125 0.2703125
3 0.66796875 0.2578125 0.325 0.375
1 0.43046875 0.15234375 0.2609375 0.2890625
1 0.43671875 0.3734375 0.2140625 0.209375
9 0.41953125 0.37109375 0.0921875 0.06875
9 0.46484375 0.1328125 0.109375 0.084375
0 0.07109375 0.90234375 0.1421875 0.1953125
9 0.86015625 0.97890625 0.2078125 0.0421875
9 0.45078125 0.7765625 0.1640625 0.1265625
9 0.6734375 0.66640625 0.134375 0.0703125
9 0.97734375 0.80625 0.0453125 0.1
9 0.8359375 0.5890625 0.1046875 0.05
9 0.45546875 0.55390625 0.1234375 0.0296875