4 0.41015625 0.1890625 0.2390625 0.340625
4 0.25390625 0.21015625 0.2609375 0.2984375
4 0.11328125 0.22890625 0.2265625 0.2609375
2 0.76484375 0.1796875 0.4703125 0.359375
0 0.1515625 0.58125 0.1546875 0.0859375
0 0.24296875 0.7140625 0.1359375 0.0734375
0 0.20078125 0.79296875 0.1390625 0.103125
0 0.12421875 0.934375 0.1546875 0.13125
0 0.97578125 0.48984375 0.0484375 0.2609375
0 0.8171875 0.5125 0.184375 0.30625
0 0.8828125 0.50078125 0.234375 0.2828125
0 0.68671875 0.52890625 0.3140625 0.3390625
0 0.5671875 0.63671875 0.075 0.4109375
0 0.95390625 0.66953125 0.0921875 0.2078125
0 0.89609375 0.69921875 0.2078125 0.2046875
0 0.675 0.775 0.290625 0.20625