3 0.4265625 0.5453125 0.125 0.1875
3 0.43515625 0.39140625 0.1078125 0.1515625
3 0.44140625 0.27890625 0.0953125 0.1078125
3 0.43984375 0.13125 0.06875 0.05625
3 0.4328125 0.20546875 0.103125 0.0734375
3 0.35390625 0.296875 0.1203125 0.115625
3 0.33125 0.4375 0.159375 0.1859375
3 0.34140625 0.58671875 0.1828125 0.1046875
3 0.12890625 0.1671875 0.0859375 0.0890625
3 0.221875 0.2203125 0.0984375 0.16875
3 0.2890625 0.23515625 0.10625 0.1359375
3 0.1109375 0.25 0.11875 0.19375
3 0.2234375 0.41953125 0.1546875 0.2671875
3 0.1296875 0.4625 0.203125 0.2703125
3 0.028125 0.371875 0.05625 0.134375
8 0.4390625 0.103125 0.025 0.0203125
8 0.40390625 0.1921875 0.0296875 0.0203125
8 0.17109375 0.19609375 0.04375 0.03125
8 0.02734375 0.21484375 0.040625 0.0296875
8 0.0890625 0.48671875 0.078125 0.0671875
8 0.4453125 0.471875 0.059375 0.0484375
2 0.68984375 0.44765625 0.3265625 0.3828125
6 0.51875 0.0828125 0.059375 0.165625
7 0.0734375 0.8484375 0.146875 0.303125
7 0.3171875 0.81953125 0.34375 0.3609375
7 0.22734375 0.85078125 0.4546875 0.2984375
8 0.053125 0.6703125 0.10625 0.0625
8 0.146875 0.6796875 0.11875 0.08125
8 0.4171875 0.75234375 0.14375 0.1484375
2 0.74453125 0.81953125 0.5109375 0.3609375
2 0.74453125 0.8703125 0.5109375 0.259375