3 0.6671875 0.7453125 0.1265625 0.2078125
3 0.8046875 0.7375 0.1765625 0.2734375
3 0.9234375 0.740625 0.1515625 0.26875
3 0.9765625 0.4703125 0.0453125 0.1390625
3 0.896875 0.54375 0.1640625 0.121875
3 0.7765625 0.5515625 0.1140625 0.175
3 0.7703125 0.4171875 0.1109375 0.090625
3 0.753125 0.359375 0.1 0.03125
3 0.6875 0.31875 0.0796875 0.04375
3 0.6578125 0.346875 0.0890625 0.05625
3 0.6640625 0.4203125 0.103125 0.0984375
3 0.6625 0.5515625 0.1265625 0.18125
3 0.496875 0.721875 0.1421875 0.28125
3 0.521875 0.51875 0.121875 0.125
3 0.5390625 0.4140625 0.1078125 0.0859375
3 0.5421875 0.275 0.0578125 0.0453125
3 0.525 0.34375 0.0890625 0.05625
3 0.440625 0.4171875 0.1 0.0953125
3 0.4 0.54375 0.128125 0.15625
3 0.38125 0.7453125 0.14375 0.2046875
3 0.25 0.26875 0.0703125 0.075
3 0.328125 0.3296875 0.071875 0.1484375
3 0.3875 0.3515625 0.0828125 0.1171875
3 0.221875 0.3421875 0.0875 0.1703125
3 0.3046875 0.5140625 0.1109375 0.2359375
3 0.2125 0.540625 0.159375 0.23125
3 0.0921875 0.4421875 0.11875 0.1125
8 0.54375 0.25 0.021875 0.015625
8 0.5 0.328125 0.0265625 0.015625
8 0.6328125 0.3296875 0.025 0.015625
8 0.7078125 0.2984375 0.0234375 0.0171875
8 0.6375 0.3859375 0.0359375 0.021875
8 0.7 0.475 0.0359375 0.0265625
8 0.9375 0.490625 0.0515625 0.03125
8 0.2859375 0.3015625 0.0375 0.0234375
8 0.15 0.2984375 0.034375 0.0234375
8 0.1703125 0.5578125 0.065625 0.053125
8 0.0375 0.5296875 0.075 0.059375
8 0.0828125 0.4265625 0.059375 0.0453125
8 0.5015625 0.590625 0.0515625 0.0375
8 0.8046875 0.6109375 0.059375 0.0421875
8 0.9671875 0.615625 0.065625 0.040625