3 0.36171875 0.2515625 0.1359375 0.3
3 0.40078125 0.0625 0.0578125 0.125
3 0.31796875 0.0734375 0.1515625 0.146875
3 0.26796875 0.25625 0.1734375 0.225
3 0.228125 0.0703125 0.146875 0.140625
3 0.1328125 0.07734375 0.19375 0.1546875
8 0.0890625 0.03828125 0.0734375 0.0625
8 0.40625 0.12265625 0.046875 0.0453125
9 0.8390625 0.353125 0.321875 0.153125
1 0.75625 0.228125 0.4875 0.403125
1 0.21484375 0.63125 0.4296875 0.403125
9 0.38046875 0.46796875 0.0984375 0.0765625
1 0.53046875 0.51328125 0.2015625 0.1671875
1 0.6875 0.62890625 0.325 0.3984375
3 0.7640625 0.46484375 0.2625 0.0703125
9 0.75 0.54609375 0.134375 0.1015625