7 0.31484375 0.284375 0.4890625 0.35
8 0.08046875 0.41328125 0.1109375 0.0921875
3 0.5828125 0.30390625 0.046875 0.2140625
3 0.72265625 0.384375 0.1828125 0.15
3 0.67578125 0.2515625 0.1484375 0.153125
3 0.6453125 0.13984375 0.128125 0.1078125
3 0.6265625 0.00859375 0.06875 0.0171875
3 0.65234375 0.0609375 0.1046875 0.071875
3 0.753125 0.13203125 0.121875 0.115625
3 0.8109375 0.2671875 0.159375 0.1875
3 0.85390625 0.4125 0.1765625 0.09375
3 0.865625 0.0546875 0.096875 0.109375
3 0.80234375 0.06171875 0.1046875 0.1234375
3 0.96328125 0.06171875 0.0734375 0.1234375
3 0.91328125 0.221875 0.15 0.271875
3 0.95859375 0.2421875 0.0828125 0.271875
8 0.67734375 0.040625 0.03125 0.0203125
8 0.70625 0.328125 0.0609375 0.046875
7 0.3453125 0.80625 0.428125 0.3875
0 0.94609375 0.55859375 0.1078125 0.1984375
0 0.78984375 0.54375 0.1359375 0.16875
0 0.6328125 0.57109375 0.146875 0.2234375