8 0.2125 0.05703125 0.0546875 0.0515625
8 0.2890625 0.06328125 0.059375 0.0484375
8 0.23828125 0.1859375 0.0703125 0.0546875
3 0.05234375 0.1296875 0.1046875 0.259375
3 0.15234375 0.175 0.16875 0.296875
3 0.27265625 0.10703125 0.1140625 0.2140625
3 0.21796875 0.30546875 0.2234375 0.3453125
3 0.1359375 0.36015625 0.271875 0.3390625
0 0.3984375 0.37109375 0.1375 0.2703125
0 0.6046875 0.41171875 0.13125 0.2359375
0 0.78984375 0.33125 0.15625 0.2453125
0 0.59140625 0.23671875 0.109375 0.196875
0 0.3921875 0.125 0.125 0.25
0 0.6328125 0.08203125 0.078125 0.1640625
0 0.88203125 0.1546875 0.1296875 0.215625
0 0.95234375 0.209375 0.0953125 0.215625
0 0.9078125 0.04296875 0.1125 0.0859375
0 0.965625 0.05859375 0.06875 0.1171875
7 0.16484375 0.7234375 0.3296875 0.3875
7 0.88984375 0.82265625 0.2203125 0.3546875
7 0.59453125 0.89375 0.5296875 0.2125