8 0.471875 0.253125 0.040625 0.040625
8 0.7765625 0.26875 0.0390625 0.034375
8 0.26875 0.3140625 0.0515625 0.0484375
8 0.19375 0.31875 0.05625 0.0453125
8 0.240625 0.4390625 0.065625 0.0515625
8 0.5359375 0.525 0.059375 0.046875
8 0.7640625 0.4546875 0.03125 0.0375
3 0.45625 0.3828125 0.165625 0.2609375
3 0.3234375 0.4296875 0.1578125 0.284375
3 0.1625 0.3546875 0.2 0.2203125
3 0.7359375 0.621875 0.3640625 0.24375
3 0.6796875 0.4859375 0.278125 0.171875
3 0.2203125 0.5546875 0.284375 0.3296875
3 0.4265625 0.6625 0.4375 0.4234375
3 0.659375 0.334375 0.2640625 0.2421875