4 0.39765625 0.16953125 0.1640625 0.3390625
4 0.23125 0.16953125 0.215625 0.3390625
4 0.0671875 0.16953125 0.134375 0.3390625
1 0.11796875 0.62109375 0.2359375 0.4203125
3 0.1078125 0.49609375 0.215625 0.3140625
9 0.13828125 0.496875 0.0953125 0.059375
0 0.928125 0.7671875 0.115625 0.2953125
0 0.71328125 0.75078125 0.1328125 0.29375
0 0.8375 0.7078125 0.2578125 0.3828125
0 0.59921875 0.696875 0.2390625 0.378125
0 0.878125 0.94296875 0.24375 0.1140625
0 0.771875 0.9421875 0.2625 0.115625
0 0.56328125 0.93984375 0.1671875 0.1203125