8 0.14296875 0.06875 0.0765625 0.065625
8 0.40859375 0.2234375 0.06875 0.059375
3 0.36484375 0.10625 0.2234375 0.2125
3 0.225 0.11796875 0.221875 0.2359375
3 0.10546875 0.04921875 0.2109375 0.0984375
3 0.490625 0.365625 0.2375 0.325
3 0.50546875 0.2203125 0.2078125 0.234375
3 0.13671875 0.18515625 0.2734375 0.3703125
3 0.26796875 0.3109375 0.5265625 0.478125
3 0.51328125 0.10859375 0.1921875 0.2171875
2 0.8046875 0.275 0.390625 0.55
2 0.8046875 0.38046875 0.390625 0.3390625
3 0.33828125 0.6734375 0.3546875 0.246875
1 0.94765625 0.85 0.1046875 0.3
1 0.7453125 0.8640625 0.271875 0.271875
1 0.8046875 0.834375 0.390625 0.33125
1 0.903125 0.67421875 0.19375 0.2421875