2 0.1796875 0.21484375 0.359375 0.4296875
4 0.9015625 0.28671875 0.153125 0.2859375
4 0.796875 0.28359375 0.15625 0.2921875
4 0.6875 0.28125 0.153125 0.296875
4 0.58359375 0.28203125 0.1609375 0.2953125
4 0.4671875 0.29921875 0.159375 0.2609375
4 0.3953125 0.2953125 0.071875 0.26875
9 0.321875 0.78203125 0.075 0.1359375
1 0.1828125 0.5015625 0.075 0.08125
1 0.19453125 0.56484375 0.246875 0.265625
1 0.29140625 0.7953125 0.1359375 0.409375
3 0.04453125 0.57421875 0.0890625 0.2890625
3 0.1421875 0.7859375 0.284375 0.428125
4 0.446875 0.78984375 0.175 0.4203125
4 0.58515625 0.7796875 0.2078125 0.440625
4 0.7453125 0.77265625 0.209375 0.4546875
4 0.88671875 0.77265625 0.1953125 0.4546875
4 0.96015625 0.7703125 0.0796875 0.459375