7 0.36171875 0.28671875 0.1546875 0.3171875
8 0.2859375 0.3625 0.09375 0.084375
0 0.94765625 0.24453125 0.1046875 0.4890625
0 0.83046875 0.13515625 0.2015625 0.2703125
0 0.91796875 0.171875 0.1640625 0.33125
0 0.6953125 0.36796875 0.5125 0.2421875
1 0.35078125 0.5875 0.1765625 0.196875
3 0.13671875 0.58828125 0.2734375 0.1984375
3 0.21953125 0.83671875 0.4390625 0.3265625
8 0.42734375 0.91484375 0.0234375 0.0984375
9 0.41015625 0.59140625 0.0578125 0.1140625
0 0.71796875 0.51953125 0.2890625 0.0609375
0 0.60390625 0.93984375 0.3296875 0.1203125