2 0.2796875 0.18515625 0.559375 0.3703125
7 0.80234375 0.15234375 0.146875 0.1578125
7 0.9625 0.2296875 0.075 0.1375
7 0.7796875 0.34765625 0.440625 0.2765625
7 0.61328125 0.44609375 0.1078125 0.1578125
7 0.7796875 0.50234375 0.440625 0.0734375
8 0.82734375 0.059375 0.0515625 0.040625
8 0.69140625 0.48359375 0.06875 0.0609375
8 0.61875 0.53125 0.071875 0.015625
8 0.9046875 0.19453125 0.0453125 0.065625
8 0.98203125 0.3671875 0.0359375 0.065625
1 0.178125 0.64140625 0.35625 0.2046875
7 0.7140625 0.934375 0.26875 0.13125
8 0.92734375 0.953125 0.053125 0.0625
8 0.8625 0.97109375 0.05625 0.0578125