4 0.49921875 0.25 0.1609375 0.5
4 0.36015625 0.25 0.1921875 0.5
4 0.21171875 0.25 0.1921875 0.5
4 0.09453125 0.2625 0.1765625 0.475
4 0.03203125 0.2640625 0.0640625 0.46875
3 0.7875 0.09921875 0.415625 0.1984375
8 0.91875 0.05078125 0.103125 0.1015625
7 0.15859375 0.82265625 0.3171875 0.3546875
7 0.15703125 0.64140625 0.3140625 0.2828125
7 0.4578125 0.590625 0.24375 0.18125
7 0.50546875 0.6453125 0.1484375 0.290625
7 0.44921875 0.77109375 0.2609375 0.3828125
7 0.446875 0.878125 0.265625 0.24375
7 0.303125 0.63359375 0.275 0.2671875
0 0.87421875 0.52265625 0.2515625 0.0453125
0 0.7421875 0.6203125 0.29375 0.190625
0 0.66875 0.79140625 0.178125 0.3359375