4 0.0359375 0.390625 0.071875 0.278125
4 0.06953125 0.38046875 0.1390625 0.2984375
4 0.11015625 0.396875 0.1546875 0.265625
4 0.15703125 0.36796875 0.1328125 0.3234375
4 0.22421875 0.32421875 0.109375 0.271875
4 0.3484375 0.49609375 0.084375 0.0671875
0 0.6703125 0.14453125 0.28125 0.2265625
0 0.60625 0.046875 0.1125 0.09375
0 0.82265625 0.0453125 0.2203125 0.090625
0 0.87265625 0.07578125 0.1484375 0.1515625
7 0.26484375 0.628125 0.5296875 0.196875
8 0.01796875 0.55234375 0.0359375 0.0453125
3 0.75625 0.63125 0.453125 0.203125