2 0.15078125 0.14921875 0.3015625 0.2984375
2 0.32265625 0.27265625 0.1921875 0.5453125
2 0.209375 0.32578125 0.41875 0.4453125
4 0.9578125 0.421875 0.084375 0.415625
4 0.915625 0.42578125 0.16875 0.4078125
4 0.86328125 0.41328125 0.1890625 0.4328125
4 0.790625 0.41640625 0.19375 0.4203125
4 0.73359375 0.4390625 0.165625 0.3421875
4 0.66328125 0.403125 0.14375 0.3296875
4 0.5828125 0.3890625 0.1171875 0.2703125
4 0.57421875 0.59296875 0.0890625 0.0734375
1 0.203125 0.8484375 0.40625 0.303125
7 0.64453125 0.81484375 0.4046875 0.3703125