4 0.121875 0.6171875 0.18125 0.515625
4 0.2453125 0.596875 0.153125 0.5078125
4 0.309375 0.540625 0.0984375 0.4578125
4 0.3828125 0.515625 0.1171875 0.421875
4 0.45 0.4703125 0.0859375 0.4265625
4 0.5203125 0.4546875 0.096875 0.40625
4 0.58125 0.4609375 0.0859375 0.328125
4 0.6390625 0.4109375 0.0671875 0.3203125
4 0.715625 0.378125 0.053125 0.2640625
4 0.7859375 0.63125 0.0453125 0.1875
4 0.534375 0.8421875 0.05 0.0640625
4 0.571875 0.8375 0.04375 0.075
4 0.621875 0.8203125 0.0578125 0.1078125
4 0.659375 0.8046875 0.0671875 0.1390625