4 0.08203125 0.07890625 0.1390625 0.1578125
4 0.19140625 0.084375 0.1390625 0.16875
4 0.30859375 0.08984375 0.1453125 0.1796875
4 0.43671875 0.09921875 0.1390625 0.1984375
4 0.553125 0.1046875 0.1125 0.209375
0 0.8046875 0.190625 0.390625 0.38125
1 0.1203125 0.5 0.240625 0.1
1 0.33515625 0.49453125 0.2453125 0.0890625
3 0.53984375 0.5203125 0.1390625 0.140625
3 0.396875 0.759375 0.425 0.2375
8 0.21953125 0.76953125 0.0578125 0.090625
9 0.30390625 0.48046875 0.0765625 0.0609375
9 0.04296875 0.46796875 0.0546875 0.0359375
8 0.87265625 0.475 0.1046875 0.05
3 0.8609375 0.7375 0.278125 0.525