7 0.29453125 0.28046875 0.5890625 0.4765625
8 0.01171875 0.38046875 0.0234375 0.1296875
0 0.8328125 0.04296875 0.196875 0.0859375
0 0.81484375 0.28203125 0.3703125 0.3984375
4 0.5234375 0.76796875 0.13125 0.4640625
4 0.42578125 0.759375 0.2453125 0.48125
4 0.31796875 0.78984375 0.2265625 0.4203125
4 0.21328125 0.77109375 0.2234375 0.4578125
4 0.115625 0.81796875 0.215625 0.3640625
1 0.0609375 0.93203125 0.121875 0.1359375
3 0.6703125 0.71640625 0.1625 0.3953125
1 0.79296875 0.58828125 0.2203125 0.1390625
3 0.903125 0.60703125 0.19375 0.1765625