0 0.37734375 0.5265625 0.2046875 0.184375
0 0.17265625 0.575 0.1703125 0.0875
0 0.0375 0.546875 0.075 0.14375
0 0.1546875 0.4828125 0.1390625 0.209375
0 0.32890625 0.3390625 0.1671875 0.265625
0 0.39921875 0.17734375 0.1609375 0.2453125
0 0.43359375 0.14140625 0.0921875 0.2453125
0 0.38515625 0.12890625 0.1453125 0.2140625
0 0.0828125 0.31484375 0.1125 0.221875
3 0.68203125 0.309375 0.4046875 0.61875
3 0.86640625 0.309375 0.2671875 0.61875
4 0.20703125 0.809375 0.4140625 0.38125
2 0.73984375 0.80078125 0.5203125 0.3640625