0 0.32109375 0.2671875 0.1390625 0.103125
0 0.4109375 0.19140625 0.140625 0.2328125
0 0.46171875 0.16640625 0.0953125 0.2328125
0 0.403125 0.1421875 0.1234375 0.2046875
0 0.0796875 0.25 0.0875 0.1375
3 0.74140625 0.159375 0.4640625 0.31875
2 0.2546875 0.659375 0.509375 0.68125
7 0.8515625 0.6265625 0.296875 0.346875
7 0.853125 0.45234375 0.29375 0.2671875
7 0.59765625 0.40390625 0.1765625 0.1703125
7 0.60625 0.57578125 0.19375 0.3734375
7 0.60859375 0.74375 0.1984375 0.359375
7 0.7171875 0.44609375 0.26875 0.2546875