0 0.71875 0.678125 0.1546875 0.2578125
0 0.50625 0.721875 0.121875 0.2421875
0 0.3296875 0.63125 0.146875 0.234375
0 0.5234375 0.5453125 0.103125 0.1890625
0 0.71875 0.4390625 0.11875 0.2421875
0 0.8171875 0.296875 0.1234375 0.221875
0 0.8921875 0.2765625 0.128125 0.2203125
0 0.8109375 0.246875 0.1078125 0.19375
0 0.484375 0.3703125 0.0734375 0.209375
0 0.24375 0.4609375 0.121875 0.2078125
0 0.1390625 0.5109375 0.1578125 0.2046875
0 0.2203125 0.30625 0.10625 0.175
0 0.1421875 0.334375 0.109375 0.178125
0 0.0703125 0.3453125 0.1234375 0.159375