4 0.44453125 0.321875 0.1734375 0.25625
4 0.5359375 0.32578125 0.0875 0.2484375
4 0.3078125 0.3171875 0.1875 0.265625
4 0.23046875 0.35390625 0.1046875 0.1921875
4 0.0515625 0.3421875 0.103125 0.215625
4 0.12890625 0.33984375 0.1796875 0.2203125
2 0.78984375 0.17734375 0.4203125 0.3546875
4 0.12734375 0.7796875 0.2171875 0.440625
4 0.2671875 0.75546875 0.190625 0.4890625
4 0.37890625 0.725 0.1796875 0.55
4 0.553125 0.7234375 0.053125 0.546875
4 0.490625 0.74609375 0.159375 0.5078125
0 0.7640625 0.7015625 0.203125 0.3046875
0 0.91796875 0.64375 0.1640625 0.1625
0 0.81640625 0.93359375 0.265625 0.090625