8 0.3515625 0.51171875 0.2625 0.271875
8 0.07578125 0.18125 0.1515625 0.215625
8 0.4515625 0.28984375 0.234375 0.2421875
4 0.784375 0.3515625 0.43125 0.434375
9 0.35859375 0.66875 0.0828125 0.01875
9 0.30859375 0.7671875 0.06875 0.059375
1 0.3125 0.74609375 0.215625 0.1734375
1 0.29765625 0.83046875 0.1984375 0.2796875
3 0.478125 0.76875 0.18125 0.21875
3 0.4140625 0.89296875 0.259375 0.2140625
3 0.1 0.8734375 0.2 0.253125
8 0.04921875 0.9359375 0.0984375 0.128125
8 0.66171875 0.77265625 0.0796875 0.059375
3 0.66875 0.86171875 0.2 0.2765625
3 0.9484375 0.9265625 0.103125 0.146875
1 0.91015625 0.83671875 0.1796875 0.2546875
1 0.9296875 0.73359375 0.140625 0.1484375
9 0.93828125 0.803125 0.075 0.0640625