8 0.11171875 0.02734375 0.0515625 0.0546875
8 0.3359375 0.06875 0.0734375 0.05625
7 0.41171875 0.14609375 0.1953125 0.2921875
7 0.27265625 0.2296875 0.2859375 0.259375
7 0.0734375 0.20390625 0.146875 0.3109375
7 0.1515625 0.0921875 0.2375 0.184375
7 0.0390625 0.08671875 0.078125 0.1734375
8 0.9 0.26875 0.1203125 0.1375
3 0.871875 0.1796875 0.25625 0.359375
3 0.78828125 0.08359375 0.1921875 0.1671875
1 0.63046875 0.15078125 0.1609375 0.3015625
0 0.45859375 0.4875 0.1828125 0.2
0 0.41796875 0.78125 0.2640625 0.140625
0 0.15625 0.86484375 0.121875 0.2703125
0 0.228125 0.9390625 0.096875 0.121875
0 0.96015625 0.6453125 0.0796875 0.11875
0 0.9640625 0.70390625 0.071875 0.1234375
0 0.94140625 0.796875 0.1171875 0.075