8 0.16015625 0.01015625 0.0765625 0.0203125
8 0.35234375 0.3328125 0.0546875 0.065625
7 0.0953125 0.10703125 0.190625 0.2140625
7 0.2109375 0.18671875 0.3109375 0.34375
7 0.3546875 0.15546875 0.05 0.3109375
7 0.29921875 0.0625 0.1609375 0.125
4 0.4375 0.234375 0.115625 0.46875
4 0.58515625 0.234375 0.2953125 0.46875
4 0.803125 0.234375 0.30625 0.46875
4 0.91796875 0.23984375 0.1640625 0.4578125
3 0.22578125 0.76640625 0.3078125 0.4671875
3 0.0640625 0.74453125 0.128125 0.5109375
8 0.05 0.50546875 0.1 0.0484375
3 0.79453125 0.75546875 0.3546875 0.4890625
8 0.83046875 0.51640625 0.1265625 0.0953125