1 0.16953125 0.4203125 0.3390625 0.196875
0 0.88125 0.07421875 0.2 0.1484375
0 0.6609375 0.07421875 0.115625 0.1484375
0 0.421875 0.07421875 0.165625 0.1484375
3 0.16484375 0.67109375 0.3296875 0.3046875
1 0.0328125 0.75390625 0.065625 0.4015625
1 0.11484375 0.85 0.2296875 0.3
9 0.08828125 0.8046875 0.1234375 0.0921875
9 0.378125 0.55 0.078125 0.0625
9 0.44140625 0.7359375 0.1234375 0.109375
1 0.4109375 0.58359375 0.14375 0.1296875
1 0.48671875 0.7546875 0.2859375 0.2953125
3 0.69296875 0.6015625 0.4171875 0.165625