3 0.46328125 0.38046875 0.3515625 0.5171875
8 0.41640625 0.13515625 0.1421875 0.1078125
0 0.65703125 0.14453125 0.0359375 0.1109375
0 0.76015625 0.12578125 0.0640625 0.0796875
0 0.94140625 0.0796875 0.1171875 0.1125
4 0.09609375 0.8 0.1921875 0.321875
4 0.25703125 0.7859375 0.2078125 0.29375
4 0.42421875 0.775 0.2296875 0.271875
4 0.5578125 0.7640625 0.1625 0.25
8 0.80234375 0.71328125 0.0859375 0.071875
7 0.7484375 0.80625 0.21875 0.334375
7 0.86171875 0.8578125 0.2765625 0.284375
7 0.925 0.73203125 0.15 0.1859375