7 0.16953125 0.1578125 0.3390625 0.184375
7 0.29296875 0.21640625 0.5140625 0.0671875
4 0.828125 0.190625 0.196875 0.11875
4 0.715625 0.175 0.19375 0.15
4 0.6296875 0.1625 0.159375 0.175
8 0.371875 0.2828125 0.165625 0.065625
3 0.3265625 0.54140625 0.446875 0.5828125
3 0.29921875 0.80703125 0.3734375 0.3859375
3 0.0375 0.7671875 0.075 0.446875
4 0.08359375 0.49140625 0.1671875 0.4828125
4 0.8953125 0.63125 0.209375 0.7375
4 0.75859375 0.62265625 0.3140625 0.7453125
4 0.62578125 0.60390625 0.1515625 0.7078125