4 0.0328125 0.16953125 0.065625 0.3390625
4 0.08203125 0.1875 0.1640625 0.375
4 0.15859375 0.2046875 0.2078125 0.409375
4 0.2578125 0.21953125 0.2125 0.4390625
4 0.36328125 0.24375 0.2234375 0.45
4 0.4359375 0.24375 0.146875 0.45
2 0.7546875 0.234375 0.490625 0.46875
3 0.4234375 0.7265625 0.171875 0.515625
1 0.3015625 0.5921875 0.23125 0.246875
3 0.15234375 0.61015625 0.2765625 0.2828125
3 0.1140625 0.54921875 0.196875 0.1609375
7 0.69921875 0.71328125 0.3796875 0.4890625
7 0.8484375 0.8015625 0.303125 0.396875