7 0.07109375 0.04140625 0.1421875 0.0828125
7 0.30234375 0.0578125 0.2359375 0.115625
7 0.3625 0.1734375 0.2125 0.175
7 0.16875 0.19140625 0.3375 0.3453125
7 0.17578125 0.371875 0.3515625 0.175
7 0.5578125 0.21796875 0.0625 0.2265625
7 0.47734375 0.32890625 0.2234375 0.2609375
8 0.02109375 0.34609375 0.0421875 0.0703125
8 0.16875 0.028125 0.05625 0.05625
8 0.50078125 0.1765625 0.0421875 0.071875
8 0.284375 0.17890625 0.0578125 0.071875
1 0.8734375 0.2296875 0.253125 0.459375
1 0.79453125 0.2875 0.4109375 0.34375
4 0.24140625 0.70234375 0.3671875 0.4859375
0 0.62109375 0.7296875 0.0640625 0.540625
0 0.71953125 0.7296875 0.2609375 0.540625
0 0.8953125 0.71171875 0.209375 0.5046875