7 0.375 0.29375 0.140625 0.1515625
7 0.6046875 0.3671875 0.2078125 0.1328125
7 0.6390625 0.5109375 0.184375 0.1421875
7 0.3703125 0.4875 0.45625 0.265625
7 0.1578125 0.5890625 0.175 0.1515625
7 0.3265625 0.7203125 0.5109375 0.2203125
7 0.8890625 0.59375 0.178125 0.19375
7 0.73125 0.6984375 0.1953125 0.2640625
8 0.4 0.2015625 0.0515625 0.0390625
8 0.0671875 0.6671875 0.05625 0.05
8 0.271875 0.6234375 0.065625 0.0578125
8 0.2015625 0.6953125 0.0703125 0.0609375
8 0.478125 0.3359375 0.04375 0.065625
8 0.7703125 0.534375 0.0328125 0.0640625
8 0.9296875 0.725 0.075 0.040625
8 0.5640625 0.5046875 0.046875 0.0625