7 0.31796875 0.0390625 0.2265625 0.078125
7 0.36015625 0.15625 0.2015625 0.1578125
7 0.16015625 0.14609375 0.3203125 0.2921875
7 0.1546875 0.3765625 0.309375 0.225
7 0.56484375 0.23671875 0.0703125 0.2109375
7 0.46484375 0.3390625 0.21875 0.2609375
8 0.5015625 0.178125 0.0375 0.0703125
8 0.2796875 0.153125 0.0515625 0.06875
0 0.72734375 0.27890625 0.125 0.309375
0 0.90390625 0.28046875 0.1171875 0.2515625
7 0.36640625 0.8046875 0.3796875 0.390625
2 0.834375 0.78203125 0.33125 0.3453125
2 0.8 0.85234375 0.4 0.2953125