3 0.39765625 0.24609375 0.1046875 0.3859375
3 0.2609375 0.25703125 0.284375 0.3640625
3 0.09609375 0.27109375 0.1921875 0.3359375
3 0.5265625 0.06015625 0.153125 0.1203125
3 0.62421875 0.18046875 0.215625 0.2203125
1 0.71875 0.06171875 0.175 0.1234375
9 0.72578125 0.00859375 0.0859375 0.0171875
1 0.04453125 0.62265625 0.0890625 0.3671875
1 0.215625 0.775 0.3296875 0.428125
3 0.21640625 0.534375 0.2640625 0.190625
9 0.259375 0.68125 0.1390625 0.1
4 0.49765625 0.61875 0.0953125 0.359375
4 0.59375 0.6078125 0.215625 0.3375
4 0.7453125 0.59296875 0.215625 0.3078125
4 0.8640625 0.58046875 0.196875 0.2828125
4 0.94375 0.56953125 0.1125 0.2609375