3 0.26640625 0.1421875 0.3203125 0.284375
3 0.11328125 0.165625 0.2265625 0.33125
3 0.57578125 0.190625 0.2328125 0.35625
3 0.7171875 0.16796875 0.33125 0.3359375
3 0.8171875 0.13984375 0.365625 0.2796875
4 0.06015625 0.6625 0.1203125 0.4875
4 0.13046875 0.6453125 0.2296875 0.453125
4 0.36015625 0.62265625 0.1984375 0.4078125
4 0.4234375 0.6171875 0.071875 0.396875
1 0.27421875 0.675 0.1703125 0.31875
3 0.59921875 0.4953125 0.2453125 0.153125
3 0.73515625 0.571875 0.2953125 0.30625
1 0.57578125 0.68203125 0.2328125 0.4046875
1 0.52421875 0.83515625 0.1296875 0.3296875
9 0.55234375 0.634375 0.115625 0.109375