7 0.21015625 0.21875 0.2703125 0.4375
7 0.39296875 0.225 0.2140625 0.45
3 0.67578125 0.15234375 0.16875 0.1828125
3 0.6796875 0.45546875 0.28125 0.1484375
4 0.85390625 0.475 0.2765625 0.109375
1 0.934375 0.2125 0.13125 0.315625
1 0.80546875 0.26953125 0.25625 0.303125
9 0.79140625 0.21171875 0.0734375 0.075
9 0.98828125 0.18359375 0.0234375 0.0828125
7 0.2421875 0.7125 0.3953125 0.259375
7 0.15 0.8171875 0.3 0.1875
7 0.29609375 0.94140625 0.4078125 0.1171875
7 0.14296875 0.9265625 0.2859375 0.146875
8 0.2296875 0.58046875 0.0734375 0.0765625
1 0.61640625 0.68046875 0.2328125 0.3015625
1 0.83828125 0.72109375 0.3234375 0.3828125
9 0.5640625 0.61640625 0.10625 0.1265625
9 0.84296875 0.58515625 0.1171875 0.1109375