1 0.39765625 0.30078125 0.3546875 0.4359375
9 0.39296875 0.4390625 0.0984375 0.0796875
9 0.93984375 0.29375 0.1203125 0.259375
1 0.825 0.28125 0.35 0.475
7 0.325 0.8 0.65 0.4
3 0.9609375 0.9171875 0.078125 0.165625
3 0.86640625 0.91015625 0.2609375 0.1796875
3 0.753125 0.9296875 0.20625 0.140625
3 0.7359375 0.80703125 0.171875 0.1734375
3 0.846875 0.784375 0.1703125 0.2203125
3 0.8203125 0.6359375 0.14375 0.1265625
3 0.82265625 0.56953125 0.1171875 0.0609375
3 0.88203125 0.53125 0.0984375 0.025
3 0.921875 0.54609375 0.1125 0.0546875
3 0.9328125 0.6125 0.134375 0.134375
3 0.9390625 0.75234375 0.121875 0.2296875
8 0.953125 0.56953125 0.04375 0.034375
8 0.909375 0.6796875 0.0453125 0.0375
8 0.66953125 0.76171875 0.0390625 0.0484375
8 0.834375 0.8546875 0.075 0.0609375
8 0.675 0.9 0.05 0.053125