4 0.0640625 0.18125 0.128125 0.3625
4 0.28125 0.19921875 0.203125 0.3984375
4 0.39375 0.21484375 0.171875 0.4296875
4 0.45859375 0.2328125 0.0421875 0.465625
1 0.1453125 0.20546875 0.1546875 0.3234375
9 0.83203125 0.01953125 0.0640625 0.0390625
1 0.81796875 0.19140625 0.3359375 0.3828125
4 0.078125 0.828125 0.15625 0.34375
4 0.18359375 0.8359375 0.1921875 0.328125
4 0.32734375 0.821875 0.2234375 0.35625
4 0.4140625 0.85234375 0.13125 0.2953125
2 0.70078125 0.8046875 0.4421875 0.390625
2 0.73984375 0.875 0.5203125 0.25