3 0.09453125 0.2546875 0.1890625 0.509375
3 0.83828125 0.3234375 0.3234375 0.371875
8 0.9171875 0.3234375 0.153125 0.1609375
1 0.4109375 0.43984375 0.18125 0.1390625
9 0.36015625 0.484375 0.0234375 0.05
4 0.58046875 0.2546875 0.4765625 0.509375
4 0.69921875 0.23984375 0.2640625 0.4796875
3 0.23046875 0.678125 0.1578125 0.3375
3 0.15078125 0.87421875 0.3015625 0.2515625
0 0.4875 0.53046875 0.26875 0.0421875
0 0.453125 0.59921875 0.2859375 0.128125
0 0.43125 0.71484375 0.24375 0.1328125
0 0.8078125 0.5359375 0.2625 0.053125
0 0.79296875 0.58046875 0.2734375 0.1265625
0 0.77890625 0.67734375 0.2828125 0.13125
0 0.74921875 0.77421875 0.3 0.153125