2 0.2921875 0.23125 0.49375 0.4625
1 0.76953125 0.3609375 0.4609375 0.45625
9 0.79453125 0.578125 0.1671875 0.021875
1 0.30859375 0.8296875 0.4609375 0.340625
9 0.49921875 0.79453125 0.0796875 0.1265625
8 0.58046875 0.6125 0.0484375 0.046875
8 0.796875 0.86953125 0.0734375 0.0734375
8 0.91015625 0.8515625 0.075 0.0765625
7 0.7859375 0.675 0.15 0.171875
7 0.6046875 0.71640625 0.1234375 0.209375
7 0.56171875 0.746875 0.0453125 0.203125
7 0.5703125 0.93515625 0.0625 0.1296875
7 0.78203125 0.92421875 0.1765625 0.1515625
7 0.8890625 0.91640625 0.190625 0.1671875