4 0.06171875 0.36484375 0.1234375 0.5703125
1 0.1578125 0.29453125 0.1765625 0.3140625
1 0.3015625 0.2875 0.1421875 0.2765625
4 0.43046875 0.4171875 0.1359375 0.465625
4 0.5453125 0.3640625 0.14375 0.5484375
4 0.665625 0.4171875 0.140625 0.465625
3 0.85390625 0.21953125 0.2296875 0.1453125
3 0.7640625 0.3921875 0.05 0.2125
1 0.89296875 0.43515625 0.1953125 0.2296875
9 0.91015625 0.45234375 0.075 0.090625
6 0.1390625 0.83984375 0.278125 0.3203125
3 0.5625 0.7734375 0.1875 0.1671875
1 0.3609375 0.8015625 0.2390625 0.2328125
9 0.35625 0.78984375 0.08125 0.0859375
4 0.490625 0.91953125 0.4125 0.1609375
6 0.9015625 0.9453125 0.196875 0.109375