4 0.0703125 0.09453125 0.140625 0.1890625
1 0.09921875 0.08046875 0.1984375 0.1609375
1 0.21640625 0.04375 0.2203125 0.0875
4 0.3703125 0.09453125 0.21875 0.1890625
4 0.421875 0.09453125 0.115625 0.1890625
9 0.590625 0.09453125 0.221875 0.1890625
9 0.840625 0.09453125 0.31875 0.1890625
0 0.14140625 0.56953125 0.2828125 0.5296875
0 0.25703125 0.4796875 0.375 0.5359375
0 0.3625 0.4453125 0.234375 0.5125
6 0.90078125 0.39375 0.1984375 0.409375
6 0.65390625 0.5328125 0.3484375 0.540625
6 0.8015625 0.68359375 0.396875 0.6328125