9 0.3859375 0.1609375 0.165625 0.215625
9 0.3671875 0.2859375 0.203125 0.30625
9 0.16328125 0.353125 0.234375 0.3015625
9 0.03515625 0.43359375 0.0703125 0.2765625
9 0.08359375 0.5640625 0.1671875 0.109375
9 0.26640625 0.54296875 0.2546875 0.1515625
9 0.40546875 0.50859375 0.1265625 0.2203125
3 0.71171875 0.09609375 0.3421875 0.1921875
3 0.87265625 0.21640625 0.2546875 0.3265625
3 0.8546875 0.396875 0.290625 0.44375
4 0.53125 0.084375 0.125 0.16875
4 0.5875 0.2765625 0.2375 0.553125
1 0.72109375 0.56171875 0.3671875 0.1140625
2 0.234375 0.809375 0.46875 0.38125
3 0.7453125 0.8015625 0.3875 0.365625
3 0.6359375 0.95078125 0.225 0.0984375
4 0.55390625 0.7359375 0.1703125 0.234375