9 0.09609375 0.03515625 0.1921875 0.0703125
9 0.11640625 0.1265625 0.2328125 0.253125
9 0.34140625 0.1640625 0.25625 0.3265625
9 0.53359375 0.25546875 0.1921875 0.3015625
9 0.46171875 0.47265625 0.2640625 0.2734375
9 0.22421875 0.44765625 0.2796875 0.3234375
9 0.07265625 0.38515625 0.1453125 0.3578125
1 0.828125 0.4375 0.34375 0.34375
3 0.81484375 0.2390625 0.3703125 0.334375
3 0.684375 0.36484375 0.109375 0.4890625
9 0.91484375 0.4984375 0.146875 0.1546875
6 0.31484375 0.8046875 0.6296875 0.390625
6 0.81484375 0.8046875 0.3703125 0.390625