9 0.2 0.5359375 0.0875 0.11875
9 0.2984375 0.3375 0.0828125 0.096875
9 0.3859375 0.2921875 0.0703125 0.0984375
9 0.325 0.378125 0.109375 0.0953125
9 0.4375 0.378125 0.1140625 0.0734375
9 0.525 0.3671875 0.11875 0.078125
9 0.628125 0.4015625 0.109375 0.096875
9 0.7125 0.3625 0.1140625 0.0890625
9 0.71875 0.4375 0.121875 0.09375
9 0.3453125 0.4609375 0.121875 0.0703125
9 0.31875 0.5359375 0.10625 0.1140625
9 0.7125 0.6234375 0.1359375 0.0859375
9 0.6125 0.4828125 0.1109375 0.1015625
9 0.5578125 0.4953125 0.109375 0.0890625
9 0.5328125 0.5828125 0.1078125 0.11875
9 0.4265625 0.5875 0.1 0.125
9 0.253125 0.5703125 0.0984375 0.125
9 0.3328125 0.6171875 0.0859375 0.1234375
9 0.4578125 0.5078125 0.115625 0.0859375