9 0.02734375 0.41171875 0.0546875 0.1328125
9 0.10703125 0.190625 0.09375 0.1078125
9 0.19921875 0.1375 0.0796875 0.1109375
9 0.13671875 0.23359375 0.1234375 0.1078125
9 0.26015625 0.22890625 0.128125 0.0859375
9 0.35546875 0.21484375 0.1328125 0.0890625
9 0.453125 0.24765625 0.09375 0.1109375
9 0.16171875 0.3234375 0.1359375 0.08125
9 0.13671875 0.40703125 0.121875 0.1296875
9 0.44609375 0.3375 0.1078125 0.115625
9 0.39609375 0.35234375 0.1234375 0.103125
9 0.37109375 0.45078125 0.1234375 0.134375
9 0.25703125 0.459375 0.1140625 0.1390625
9 0.06484375 0.446875 0.1109375 0.1390625
9 0.15546875 0.478125 0.0984375 0.103125
9 0.28671875 0.3703125 0.1296875 0.1
4 0.79453125 0.06640625 0.1796875 0.1328125
1 0.70078125 0.35859375 0.4015625 0.3421875
2 0.40234375 0.7359375 0.1953125 0.4125
6 0.746875 0.76484375 0.365625 0.4703125