9 0.028125 0.20625 0.05625 0.084375
9 0.08203125 0.1890625 0.125 0.0875
9 0.18984375 0.2140625 0.11875 0.1078125
9 0.271875 0.16640625 0.1234375 0.1
9 0.284375 0.2421875 0.13125 0.1046875
9 0.29296875 0.38984375 0.1453125 0.0203125
9 0.18125 0.296875 0.1203125 0.1109375
9 0.128125 0.3140625 0.11875 0.1
9 0.109375 0.36953125 0.11875 0.0609375
9 0.04453125 0.334375 0.0890625 0.096875
0 0.5296875 0.35859375 0.1 0.0828125
0 0.7578125 0.2640625 0.19375 0.271875
0 0.959375 0.309375 0.08125 0.18125
0 0.76953125 0.36875 0.3640625 0.0625
6 0.14140625 0.76796875 0.2828125 0.4640625
0 0.70078125 0.70546875 0.1109375 0.3078125
0 0.78125 0.7078125 0.115625 0.3046875
0 0.86875 0.703125 0.1203125 0.3078125
0 0.9453125 0.70703125 0.109375 0.3078125