0 0.3953125 0.215625 0.11875 0.30625
0 0.3140625 0.21640625 0.125 0.3046875
0 0.225 0.2125 0.128125 0.3125
0 0.13828125 0.2140625 0.1265625 0.309375
7 0.73203125 0.04765625 0.3265625 0.0953125
7 0.921875 0.10078125 0.15625 0.2015625
4 0.4546875 0.6546875 0.128125 0.571875
4 0.4515625 0.684375 0.134375 0.63125
3 0.23046875 0.76171875 0.4140625 0.4765625
8 0.2328125 0.71171875 0.1703125 0.1609375
6 0.759375 0.834375 0.48125 0.33125
6 0.759375 0.60390625 0.48125 0.4703125
6 0.8203125 0.42578125 0.359375 0.1140625