8 0.078125 0.12734375 0.0484375 0.0484375
8 0.15625 0.15859375 0.0546875 0.0546875
8 0.1671875 0.41484375 0.065625 0.071875
7 0.0609375 0.23984375 0.115625 0.2171875
7 0.146875 0.26640625 0.115625 0.2078125
7 0.3375 0.50078125 0.29375 0.0765625
7 0.15390625 0.46875 0.1328125 0.140625
4 0.82890625 0.27265625 0.3421875 0.5328125
3 0.8765625 0.26953125 0.246875 0.5390625
3 0.68046875 0.253125 0.2234375 0.4375
6 0.475 0.76953125 0.1875 0.4609375
0 0.69140625 0.63515625 0.2203125 0.1921875
0 0.9171875 0.68359375 0.165625 0.2421875
0 0.71015625 0.7859375 0.2828125 0.328125
0 0.60859375 0.93203125 0.0796875 0.1359375