8 0.12109375 0.08828125 0.0515625 0.0515625
8 0.20625 0.09375 0.0578125 0.0578125
8 0.30078125 0.340625 0.0703125 0.075
8 0.025 0.4328125 0.05 0.078125
7 0.13984375 0.20390625 0.1265625 0.225
7 0.23359375 0.2015625 0.1265625 0.215625
7 0.3140625 0.4265625 0.14375 0.2109375
7 0.075 0.51015625 0.15 0.2203125
7 0.0234375 0.540625 0.046875 0.228125
6 0.853125 0.3125 0.29375 0.46875
6 0.546875 0.46796875 0.29375 0.5328125
6 0.74296875 0.56796875 0.5140625 0.4421875
2 0.2 0.89453125 0.4 0.2109375
4 0.9125 0.915625 0.175 0.16875
4 0.925 0.89453125 0.15 0.2109375
1 0.4734375 0.89453125 0.13125 0.2109375
3 0.63046875 0.89453125 0.4609375 0.2109375