0 0.1296875 0.08359375 0.259375 0.1671875
0 0.471875 0.2296875 0.15625 0.3875
0 0.23984375 0.19296875 0.1671875 0.3859375
0 0.36328125 0.2796875 0.1640625 0.378125
0 0.15 0.2578125 0.175 0.390625
0 0.10546875 0.36640625 0.2109375 0.2046875
0 0.38671875 0.4375 0.3265625 0.0625
4 0.8828125 0.21875 0.234375 0.4375
3 0.59453125 0.171875 0.0890625 0.34375
3 0.65703125 0.2859375 0.2140625 0.365625
6 0.06015625 0.7375 0.1203125 0.525
3 0.34765625 0.53984375 0.2078125 0.1421875
1 0.14765625 0.5875 0.2671875 0.2375
9 0.14140625 0.56328125 0.0921875 0.0953125
4 0.30390625 0.73515625 0.45 0.325
4 0.43359375 0.77890625 0.2328125 0.2140625
3 0.2921875 0.93046875 0.40625 0.1390625
8 0.28828125 0.98203125 0.1421875 0.0359375
6 0.775 0.82109375 0.45 0.3578125