3 0.24296875 0.159375 0.4328125 0.31875
8 0.6859375 0.1109375 0.04375 0.0515625
8 0.96640625 0.17890625 0.0671875 0.0671875
7 0.61953125 0.209375 0.2359375 0.21875
7 0.9125 0.24921875 0.175 0.1390625
0 0.0453125 0.5171875 0.090625 0.15625
0 0.02265625 0.69609375 0.0453125 0.1828125
0 0.5484375 0.4828125 0.178125 0.328125
0 0.9296875 0.4328125 0.140625 0.228125
0 0.94765625 0.7859375 0.1046875 0.259375
0 0.69609375 0.76796875 0.265625 0.13125
0 0.90546875 0.56171875 0.1890625 0.1609375
0 0.89296875 0.61796875 0.2140625 0.1640625
0 0.86640625 0.67109375 0.2671875 0.1796875