2 0.14375 0.19140625 0.2875 0.3828125
5 0.64296875 0.234375 0.6671875 0.46875
9 0.265625 0.62109375 0.0875 0.2265625
9 0.16953125 0.58125 0.1734375 0.225
9 0.05859375 0.5640625 0.1171875 0.190625
9 0.034375 0.77578125 0.06875 0.2296875
9 0.11328125 0.81484375 0.1734375 0.2265625
9 0.23828125 0.8515625 0.1421875 0.221875
0 0.678125 0.5109375 0.20625 0.084375
0 0.7515625 0.79765625 0.33125 0.28125
0 0.41796875 0.75390625 0.2171875 0.1515625
0 0.6640625 0.5640625 0.2875 0.18125
0 0.64375 0.6203125 0.3015625 0.184375
0 0.58984375 0.6703125 0.315625 0.203125