0 0.478125 0.39609375 0.159375 0.2875
0 0.18359375 0.34765625 0.321875 0.203125
0 0.21328125 0.49375 0.4015625 0.171875
0 0.44921875 0.55390625 0.2796875 0.0515625
6 0.8953125 0.4 0.209375 0.359375
0 0.43125 0.759375 0.315625 0.265625
0 0.0953125 0.765625 0.190625 0.125
0 0.29453125 0.6234375 0.3140625 0.0875
0 0.24609375 0.6578125 0.3265625 0.15625
3 0.93359375 0.72421875 0.1328125 0.2890625
3 0.81796875 0.88046875 0.3640625 0.2390625
3 0.8234375 0.94453125 0.353125 0.1109375
1 0.803125 0.64609375 0.246875 0.1328125