0 0.29609375 0.1375 0.1921875 0.275
0 0.3796875 0.503125 0.240625 0.2125
0 0.08984375 0.5328125 0.1796875 0.13125
0 0.303125 0.29296875 0.3015625 0.1625
0 0.2875 0.35546875 0.3171875 0.165625
0 0.23671875 0.41640625 0.33125 0.1828125
1 0.6328125 0.33046875 0.265625 0.5578125
9 0.60625 0.08125 0.0875 0.0546875
4 0.84765625 0.6515625 0.1796875 0.084375
4 0.78046875 0.77265625 0.2359375 0.2328125
3 0.9140625 0.8234375 0.171875 0.29375
3 0.57421875 0.65703125 0.1484375 0.0953125
1 0.59296875 0.7953125 0.1859375 0.19375
9 0.596875 0.82109375 0.078125 0.0796875