0 0.3203125 0.15703125 0.31875 0.26875
0 0.04921875 0.12578125 0.0984375 0.1390625
0 0.20703125 0.0359375 0.2953125 0.071875
0 0.15703125 0.06484375 0.3078125 0.1296875
1 0.846875 0.2046875 0.30625 0.409375
3 0.10625 0.77890625 0.2125 0.3890625
3 0.275 0.80859375 0.296875 0.3828125
3 0.13046875 0.5390625 0.2609375 0.259375
4 0.39375 0.55390625 0.171875 0.2890625
4 0.30859375 0.4921875 0.2515625 0.165625
4 0.51953125 0.5484375 0.0796875 0.278125
4 0.57734375 0.56015625 0.1953125 0.3015625
4 0.69609375 0.57421875 0.1984375 0.3296875
4 0.803125 0.5875 0.196875 0.35625
1 0.9046875 0.67109375 0.1765625 0.2515625
1 0.9671875 0.6703125 0.065625 0.309375