1 0.184375 0.25546875 0.228125 0.3828125
9 0.13671875 0.09140625 0.053125 0.0265625
3 0.940625 0.29296875 0.11875 0.2046875
1 0.93203125 0.47734375 0.1359375 0.2234375
9 0.9546875 0.48046875 0.0875 0.0921875
4 0.76796875 0.41484375 0.2546875 0.3484375
4 0.68984375 0.2578125 0.1796875 0.26875
3 0.58671875 0.46328125 0.2734375 0.2515625
8 0.51328125 0.515625 0.1265625 0.13125
6 0.225 0.6484375 0.45 0.11875
6 0.3171875 0.79453125 0.265625 0.4109375
3 0.74609375 0.67890625 0.3984375 0.1796875
3 0.6515625 0.8390625 0.25 0.321875