9 0.4078125 0.02890625 0.13125 0.0578125
1 0.35703125 0.26953125 0.5234375 0.5390625
4 0.70078125 0.28125 0.1640625 0.515625
1 0.85078125 0.1125 0.1671875 0.225
1 0.734375 0.33125 0.196875 0.296875
9 0.86015625 0.0375 0.0578125 0.0578125
9 0.7515625 0.2921875 0.0734375 0.084375
3 0.80078125 0.175 0.196875 0.2921875
3 0.665625 0.21015625 0.09375 0.2671875
8 0.6390625 0.48359375 0.040625 0.1109375
6 0.2375 0.72734375 0.390625 0.3765625
1 0.928125 0.665625 0.14375 0.253125
4 0.79453125 0.76953125 0.1859375 0.4609375
4 0.70390625 0.7546875 0.1703125 0.43125