2 0.02109375 0.2546875 0.0421875 0.2
2 0.22890625 0.078125 0.2671875 0.15625
2 0.1328125 0.2265625 0.2546875 0.2984375
2 0.36171875 0.26328125 0.1140625 0.1828125
2 0.29453125 0.36171875 0.2171875 0.1640625
2 0.375 0.0671875 0.0875 0.090625
2 0.35234375 0.190625 0.1328125 0.196875
0 0.75234375 0.48671875 0.10625 0.1734375
0 0.66171875 0.43125 0.15 0.146875
0 0.60234375 0.409375 0.1578125 0.1875
0 0.5046875 0.284375 0.171875 0.165625
6 0.20390625 0.815625 0.4078125 0.36875
0 0.8703125 0.94921875 0.16875 0.1015625
0 0.771875 0.94375 0.18125 0.1125