2 0.5203125 0.259375 0.2828125 0.184375
2 0.8359375 0.4578125 0.2328125 0.2828125
2 0.8796875 0.6859375 0.2375 0.2640625
2 0.68125 0.675 0.165625 0.1671875
2 0.446875 0.40625 0.2234375 0.21875
2 0.50625 0.615625 0.2046875 0.2578125
2 0.221875 0.6015625 0.2078125 0.1421875
2 0.3296875 0.715625 0.190625 0.1265625
2 0.0875 0.69375 0.175 0.1734375
2 0.190625 0.20625 0.1296875 0.0765625
2 0.0421875 0.3015625 0.0828125 0.2375
2 0.028125 0.4796875 0.0546875 0.1125
2 0.290625 0.421875 0.0953125 0.0734375
2 0.3203125 0.2546875 0.1609375 0.109375
2 0.159375 0.2578125 0.1625 0.0546875
2 0.265625 0.5375 0.1765625 0.1609375
2 0.0734375 0.5203125 0.1453125 0.1140625