2 0.1515625 0.2671875 0.271875 0.2515625
2 0.090625 0.55078125 0.18125 0.0984375
2 0.06875 0.48515625 0.1375 0.1359375
2 0.26484375 0.4375 0.4640625 0.325
2 0.23125 0.49921875 0.2625 0.2015625
6 0.76953125 0.3640625 0.4609375 0.471875
4 0.32890625 0.71953125 0.2734375 0.2390625
3 0.15390625 0.75078125 0.3078125 0.3015625
9 0.5078125 0.675 0.0625 0.065625
1 0.48125 0.7234375 0.115625 0.246875
9 0.88515625 0.9671875 0.0921875 0.065625
1 0.859375 0.95234375 0.21875 0.0953125
3 0.66875 0.8 0.259375 0.4