3 0.25078125 0.39140625 0.2359375 0.4359375
3 0.696875 0.31640625 0.3265625 0.1828125
3 0.78046875 0.5 0.1859375 0.21875
1 0.5875 0.503125 0.221875 0.2125
9 0.56875 0.54140625 0.0859375 0.0984375
9 0.9203125 0.509375 0.06875 0.075
1 0.91953125 0.5171875 0.1609375 0.184375
4 0.43828125 0.4328125 0.1390625 0.353125
2 0.184375 0.8046875 0.36875 0.390625
0 0.92734375 0.8328125 0.096875 0.140625
0 0.84140625 0.8 0.115625 0.128125
0 0.7859375 0.79140625 0.115625 0.1578125
0 0.6859375 0.69765625 0.1375 0.14375