6 0.209375 0.21953125 0.41875 0.3609375
1 0.72734375 0.2 0.5453125 0.4
9 0.91484375 0.37265625 0.1703125 0.0546875
4 0.153125 0.51484375 0.30625 0.2296875
4 0.325 0.59375 0.1875 0.3875
3 0.2203125 0.84375 0.396875 0.3125
3 0.075 0.8421875 0.15 0.315625
3 0.05625 0.60390625 0.1125 0.4078125
4 0.70703125 0.64375 0.196875 0.2703125
4 0.621875 0.8453125 0.246875 0.24375
3 0.828125 0.87890625 0.34375 0.2421875
3 0.465625 0.65234375 0.09375 0.2265625
8 0.89453125 0.96953125 0.1265625 0.0609375
1 0.47578125 0.8515625 0.1140625 0.203125
9 0.4484375 0.87734375 0.059375 0.0828125