6 0.16875 0.19453125 0.3375 0.3890625
9 0.49375 0.18515625 0.15 0.1984375
9 0.68828125 0.15078125 0.2015625 0.228125
9 0.87265625 0.10546875 0.1890625 0.2109375
9 0.58671875 0.37421875 0.23125 0.1828125
9 0.93203125 0.26796875 0.1359375 0.1671875
9 0.9296875 0.45234375 0.140625 0.2234375
9 0.76484375 0.478125 0.1734375 0.203125
9 0.55 0.53515625 0.215625 0.0890625
9 0.90546875 0.55625 0.1734375 0.046875
4 0.25859375 0.73984375 0.3203125 0.3203125
3 0.6046875 0.78984375 0.371875 0.4203125
3 0.56484375 0.6625 0.15 0.1640625
4 0.85078125 0.915625 0.1828125 0.16875