6 0.515625 0.3078125 0.1875 0.390625
3 0.73125 0.48046875 0.1375 0.1984375
3 0.92421875 0.278125 0.1515625 0.3625
3 0.8984375 0.49921875 0.203125 0.1609375
8 0.721875 0.44140625 0.0421875 0.0546875
8 0.9203125 0.51953125 0.0828125 0.078125
8 0.97265625 0.17421875 0.0546875 0.0703125
4 0.53515625 0.68828125 0.1484375 0.2171875
1 0.4296875 0.80859375 0.359375 0.3828125
9 0.40078125 0.65390625 0.1125 0.09375
3 0.18046875 0.64765625 0.1953125 0.1359375
1 0.94296875 0.7046875 0.1140625 0.25
3 0.85078125 0.959375 0.2984375 0.08125