6 0.24765625 0.1546875 0.2734375 0.309375
8 0.06484375 0.4234375 0.046875 0.0453125
8 0.28046875 0.45390625 0.04375 0.0453125
8 0.35703125 0.4796875 0.05 0.05
8 0.3859375 0.7234375 0.0609375 0.0640625
8 0.10390625 0.74140625 0.0671875 0.0671875
8 0.01171875 0.73828125 0.0234375 0.0703125
7 0.0828125 0.528125 0.125 0.2015625
7 0.27265625 0.56328125 0.0984375 0.2015625
7 0.3578125 0.58203125 0.0984375 0.1953125
7 0.46953125 0.853125 0.0984375 0.175
7 0.3796875 0.80390625 0.115625 0.1875
7 0.1296875 0.82109375 0.1546875 0.1921875
7 0.05234375 0.82421875 0.1046875 0.1984375
8 0.75078125 0.4328125 0.1296875 0.1359375
3 0.7671875 0.55390625 0.353125 0.4890625
1 0.5890625 0.51640625 0.140625 0.2765625
9 0.58984375 0.4796875 0.06875 0.065625
4 0.759375 0.8671875 0.48125 0.184375