6 0.259375 0.2671875 0.51875 0.534375
2 0.8765625 0.25703125 0.246875 0.1921875
2 0.8328125 0.40703125 0.2328125 0.228125
2 0.8953125 0.56484375 0.209375 0.1703125
2 0.61875 0.5921875 0.2 0.115625
2 0.57578125 0.21328125 0.1140625 0.0796875
2 0.67578125 0.4265625 0.1 0.0765625
2 0.69921875 0.2578125 0.165625 0.115625
2 0.56875 0.2671875 0.1 0.0625
2 0.6546875 0.54609375 0.1828125 0.16875
1 0.4515625 0.6796875 0.134375 0.059375
3 0.6125 0.70546875 0.1875 0.1109375
3 0.6390625 0.8234375 0.240625 0.3