6 0.2546875 0.34296875 0.509375 0.3734375
6 0.91484375 0.30546875 0.1703125 0.3609375
6 0.78515625 0.43671875 0.4296875 0.1859375
6 0.91328125 0.421875 0.1734375 0.215625
1 0.3609375 0.7046875 0.265625 0.35
1 0.2078125 0.65859375 0.25 0.2578125
9 0.9671875 0.67890625 0.065625 0.2234375
9 0.86015625 0.66171875 0.1625 0.234375
9 0.709375 0.64609375 0.159375 0.2328125
9 0.58046875 0.63671875 0.1234375 0.2140625
9 0.57109375 0.86328125 0.1046875 0.2265625
9 0.69296875 0.8796875 0.15625 0.2234375
9 0.846875 0.8875 0.153125 0.225
9 0.959375 0.89765625 0.08125 0.2046875