6 0.84375 0.1875 0.3125 0.375
9 0.0984375 0.8828125 0.0921875 0.1234375
9 0.20546875 0.68671875 0.0875 0.1
9 0.29453125 0.64296875 0.0734375 0.103125
9 0.23125 0.728125 0.1140625 0.0984375
9 0.3375 0.73203125 0.103125 0.0796875
9 0.246875 0.81171875 0.125 0.075
9 0.21875 0.8875 0.1125 0.11875
9 0.3265625 0.9390625 0.10625 0.121875
9 0.15078125 0.91953125 0.103125 0.128125
9 0.2296875 0.95234375 0.090625 0.0953125
9 0.34453125 0.86171875 0.0890625 0.0921875
3 0.4484375 0.53125 0.11875 0.284375
3 0.58515625 0.578125 0.121875 0.1734375
3 0.746875 0.60234375 0.125 0.1984375
3 0.94296875 0.49296875 0.1140625 0.2078125
3 0.90234375 0.7125 0.1953125 0.303125
3 0.9125 0.9171875 0.175 0.165625
3 0.6921875 0.78203125 0.1703125 0.2171875
3 0.434375 0.8671875 0.090625 0.265625
8 0.7421875 0.55859375 0.0390625 0.0515625
8 0.925 0.65390625 0.078125 0.075
8 0.90859375 0.93515625 0.078125 0.078125
8 0.68828125 0.77109375 0.0578125 0.0578125