6 0.1390625 0.27265625 0.278125 0.3921875
9 0.9734375 0.24921875 0.053125 0.2359375
9 0.87890625 0.21640625 0.1859375 0.24375
9 0.725 0.19296875 0.1671875 0.234375
9 0.58515625 0.1671875 0.175 0.234375
9 0.70390625 0.39140625 0.1765625 0.1546875
9 0.85234375 0.403125 0.1671875 0.13125
9 0.9578125 0.415625 0.084375 0.10625
6 0.20625 0.603125 0.4125 0.26875
6 0.39921875 0.67109375 0.1203125 0.4046875
6 0.32265625 0.865625 0.2734375 0.26875
9 0.95 0.89921875 0.0953125 0.0828125
1 0.7328125 0.74140625 0.534375 0.5171875