6 0.30078125 0.2234375 0.3765625 0.446875
4 0.58359375 0.284375 0.1890625 0.56875
1 0.9359375 0.05234375 0.128125 0.1046875
3 0.74453125 0.128125 0.2890625 0.25625
3 0.86015625 0.3375 0.2796875 0.309375
3 0.8125 0.43828125 0.375 0.2609375
3 0.334375 0.846875 0.2875 0.30625
3 0.27734375 0.675 0.3984375 0.2125
1 0.42265625 0.89375 0.1171875 0.2125
1 0.125 0.8296875 0.25 0.340625
9 0.07890625 0.8171875 0.1140625 0.1125
0 0.553125 0.74140625 0.128125 0.2640625
0 0.821875 0.846875 0.2796875 0.128125
0 0.63515625 0.6 0.2921875 0.0625
0 0.6375 0.63203125 0.296875 0.1265625
0 0.66328125 0.684375 0.3203125 0.178125