6 0.21171875 0.1640625 0.4234375 0.328125
3 0.83671875 0.24765625 0.3265625 0.4953125
3 0.89609375 0.4765625 0.2078125 0.084375
4 0.56640625 0.23046875 0.1140625 0.4609375
4 0.58359375 0.328125 0.1484375 0.38125
4 0.29453125 0.590625 0.1890625 0.14375
4 0.13046875 0.665625 0.2609375 0.29375
1 0.19765625 0.8578125 0.2328125 0.284375
3 0.42578125 0.85390625 0.1671875 0.2921875
3 0.30390625 0.94921875 0.2265625 0.1015625
9 0.1578125 0.8171875 0.103125 0.0671875
6 0.80546875 0.83359375 0.3890625 0.3328125