8 0.4578125 0.8140625 0.0625 0.078125
8 0.275 0.396875 0.0625 0.0390625
7 0.29375 0.59375 0.1640625 0.3375
1 0.2734375 0.8828125 0.1484375 0.2046875
1 0.7390625 0.55 0.1796875 0.1515625
9 0.784375 0.571875 0.053125 0.0671875
3 0.625 0.571875 0.2140625 0.1421875
3 0.6109375 0.75 0.425 0.2546875
3 0.578125 0.390625 0.25 0.1234375
7 0.79375 0.415625 0.1625 0.1234375
7 0.5921875 0.1296875 0.4890625 0.1796875
8 0.309375 0.13125 0.059375 0.0796875
4 0.7203125 0.24375 0.309375 0.178125
4 0.8296875 0.525 0.0890625 0.1125