4 0.2375 0.12109375 0.15625 0.2421875
4 0.396875 0.16640625 0.14375 0.3328125
7 0.3 0.271875 0.16875 0.234375
7 0.11328125 0.33203125 0.0953125 0.1140625
1 0.42109375 0.340625 0.0953125 0.096875
1 0.45390625 0.34140625 0.0296875 0.0640625
8 0.26796875 0.1375 0.0953125 0.0859375
3 0.8390625 0.19453125 0.321875 0.3890625
0 0.10859375 0.54609375 0.2171875 0.1703125
0 0.20546875 0.7390625 0.33125 0.33125
0 0.2875 0.42578125 0.178125 0.0734375
0 0.32890625 0.49453125 0.0796875 0.2109375
0 0.4484375 0.7453125 0.040625 0.2875
6 0.496875 0.7984375 0.05625 0.3
6 0.5984375 0.7375 0.259375 0.29375
6 0.8078125 0.85390625 0.3609375 0.2921875
6 0.56171875 0.94609375 0.1859375 0.1078125
8 0.7171875 0.9953125 0.034375 0.009375