1 0.19921875 0.17421875 0.3984375 0.3484375
9 0.26484375 0.14296875 0.1265625 0.1609375
6 0.86484375 0.3515625 0.2703125 0.496875
9 0.10234375 0.89453125 0.059375 0.0890625
7 0.328125 0.8265625 0.2015625 0.2171875
7 0.51015625 0.690625 0.2984375 0.18125
4 0.4625 0.79140625 0.39375 0.3828125
4 0.29296875 0.88203125 0.2796875 0.2359375
1 0.10703125 0.8765625 0.2140625 0.246875
3 0.0546875 0.73984375 0.109375 0.2796875
3 0.0703125 0.90390625 0.140625 0.1921875
3 0.95078125 0.76796875 0.0984375 0.3359375