6 0.8578125 0.334375 0.034375 0.15625
2 0.20625 0.434375 0.1625 0.4
2 0.21875 0.678125 0.0625 0.09375
5 0.3015625 0.8203125 0.3296875 0.328125
5 0.6484375 0.65625 0.453125 0.43125
3 0.5078125 0.3828125 0.1859375 0.0765625
8 0.4328125 0.403125 0.0203125 0.028125
1 0.390625 0.4125 0.0453125 0.0859375
9 0.3875 0.44375 0.0140625 0.015625
3 0.315625 0.4046875 0.109375 0.0703125
3 0.31875 0.4640625 0.103125 0.08125
5 0.4265625 0.45625 0.0453125 0.0515625
7 0.503125 0.4953125 0.1109375 0.0859375
8 0.45625 0.4859375 0.0203125 0.025