8 0.56953125 0.39375 0.1390625 0.13125
9 0.21640625 0.06796875 0.128125 0.0734375
9 0.0640625 0.11171875 0.1265625 0.08125
3 0.5359375 0.2296875 0.2875 0.459375
3 0.48125 0.14921875 0.228125 0.2984375
3 0.375 0.03671875 0.153125 0.0734375
1 0.26484375 0.20859375 0.2984375 0.4171875
1 0.125 0.234375 0.25 0.45
4 0.76953125 0.2296875 0.1796875 0.459375
3 0.91640625 0.2296875 0.1671875 0.459375
0 0.03984375 0.925 0.0796875 0.15
0 0.2015625 0.96484375 0.15625 0.0703125
0 0.39921875 0.92890625 0.1796875 0.1421875
0 0.20390625 0.87578125 0.128125 0.2109375
0 0.04296875 0.7421875 0.0859375 0.26875
0 0.26328125 0.696875 0.0984375 0.2265625
0 0.5078125 0.81875 0.15 0.23125
0 0.5984375 0.88203125 0.1625 0.2328125
0 0.5484375 0.6578125 0.13125 0.196875
0 0.6203125 0.6953125 0.11875 0.2
0 0.65390625 0.71484375 0.0515625 0.1796875