3 0.234375 0.590625 0.1859375 0.15625
6 0.5390625 0.3171875 0.184375 0.175
6 0.6703125 0.2625 0.1640625 0.2140625
6 0.8015625 0.2609375 0.146875 0.13125
6 0.7796875 0.3796875 0.1890625 0.1859375
1 0.153125 0.6953125 0.05625 0.0890625
9 0.1625 0.7234375 0.01875 0.015625
5 0.2125 0.703125 0.05625 0.046875
7 0.2984375 0.678125 0.1125 0.0671875
8 0.246875 0.7140625 0.0234375 0.021875
3 0.1484375 0.7828125 0.0453125 0.0578125
2 0.1421875 0.93125 0.034375 0.084375
5 0.346875 0.93125 0.1890625 0.1375
5 0.4953125 0.7140625 0.4140625 0.434375