7 0.2875 0.21953125 0.284375 0.4390625
8 0.21875 0.02109375 0.10625 0.0421875
4 0.40625 0.05 0.1875 0.1
4 0.4265625 0.2015625 0.146875 0.403125
6 0.7015625 0.21953125 0.403125 0.4390625
6 0.36953125 0.71953125 0.2609375 0.5609375
6 0.15 0.71953125 0.3 0.5609375
7 0.5625 0.6015625 0.125 0.325
4 0.73671875 0.63359375 0.2890625 0.3890625
4 0.934375 0.5921875 0.13125 0.30625
1 0.5515625 0.78203125 0.103125 0.4359375
1 0.73515625 0.9265625 0.3609375 0.146875
9 0.66875 0.9640625 0.115625 0.071875
7 0.81015625 0.8671875 0.3796875 0.265625
8 0.6609375 0.85078125 0.071875 0.059375