2 0.21953125 0.284375 0.4390625 0.56875
3 0.87578125 0.403125 0.2484375 0.209375
3 0.63515625 0.25859375 0.2 0.2875
7 0.84140625 0.0640625 0.2703125 0.128125
7 0.915625 0.2125 0.16875 0.246875
8 0.728125 0.05703125 0.0515625 0.065625
2 0.75703125 0.284375 0.4859375 0.56875
6 0.85390625 0.50859375 0.2921875 0.1203125
2 0.21953125 0.784375 0.4390625 0.43125
4 0.9140625 0.73671875 0.171875 0.3359375
3 0.66484375 0.90390625 0.4515625 0.1921875
7 0.834375 0.64609375 0.234375 0.1546875
3 0.596875 0.63125 0.315625 0.125
3 0.5015625 0.76171875 0.125 0.2890625
1 0.71171875 0.7484375 0.2609375 0.303125
9 0.74296875 0.74609375 0.1046875 0.1