7 0.3140625 0.5875 0.3390625 0.3796875
8 0.58125 0.065625 0.0875 0.084375
7 0.578125 0.246875 0.1375 0.2890625
4 0.3734375 0.3359375 0.1796875 0.3203125
4 0.7109375 0.14375 0.2 0.2859375
1 0.7296875 0.3328125 0.1859375 0.2296875
9 0.753125 0.26875 0.059375 0.0671875
3 0.53125 0.49375 0.1484375 0.29375
3 0.6796875 0.6078125 0.2421875 0.2796875
1 0.7046875 0.85 0.165625 0.26875
9 0.6765625 0.7390625 0.040625 0.0453125
7 0.809375 0.7875 0.1296875 0.3921875
8 0.809375 0.5703125 0.0765625 0.04375
3 0.840625 0.4375 0.06875 0.4140625
8 0.2359375 0.440625 0.140625 0.1375