7 0.37734375 0.3484375 0.3734375 0.203125
8 0.41171875 0.21796875 0.15625 0.1
6 0.021875 0.22734375 0.04375 0.2359375
3 0.8296875 0.32734375 0.340625 0.2453125
3 0.4375 0.49375 0.2625 0.0875
3 0.30390625 0.6109375 0.5015625 0.321875
1 0.3734375 0.8453125 0.290625 0.309375
9 0.35546875 0.740625 0.0625 0.053125
7 0.15703125 0.78046875 0.3140625 0.4390625
8 0.07578125 0.5609375 0.11875 0.0765625
0 0.81484375 0.49375 0.1609375 0.0875
0 0.740625 0.5984375 0.15 0.1671875
0 0.62265625 0.5515625 0.0828125 0.196875
0 0.63671875 0.82265625 0.1359375 0.2109375
0 0.5953125 0.73046875 0.053125 0.1359375