2 0.2546875 0.15 0.509375 0.3
3 0.2484375 0.2203125 0.4125 0.159375
1 0.0578125 0.0578125 0.115625 0.115625
4 0.7546875 0.15 0.490625 0.3
6 0.18828125 0.88671875 0.3765625 0.2265625
3 0.41796875 0.57578125 0.1828125 0.2390625
3 0.47421875 0.89375 0.0703125 0.2125
3 0.42890625 0.903125 0.1609375 0.19375
7 0.4109375 0.7453125 0.1875 0.165625
8 0.49140625 0.69453125 0.025 0.0453125
1 0.3015625 0.74921875 0.1515625 0.13125
9 0.2515625 0.77578125 0.021875 0.03125
4 0.7546875 0.7109375 0.490625 0.578125