2 0.16171875 0.1734375 0.3234375 0.346875
5 0.31328125 0.2953125 0.0859375 0.0671875
5 0.35546875 0.384375 0.1265625 0.290625
5 0.09375 0.46015625 0.0609375 0.0515625
3 0.1109375 0.36171875 0.0953125 0.1078125
3 0.04921875 0.3515625 0.078125 0.1046875
1 0.0484375 0.4234375 0.096875 0.0640625
9 0.08671875 0.42265625 0.01875 0.0171875
3 0.0296875 0.4828125 0.059375 0.09375
8 0.040625 0.45859375 0.0265625 0.0203125
8 0.125 0.48671875 0.0296875 0.021875
7 0.1328125 0.5015625 0.109375 0.05625
5 0.7546875 0.32421875 0.490625 0.4109375
5 0.4609375 0.43359375 0.084375 0.1921875
5 0.63828125 0.03203125 0.1703125 0.0640625
5 0.76796875 0.1859375 0.4640625 0.371875
2 0.228125 0.5921875 0.38125 0.125
5 0.20625 0.771875 0.140625 0.1484375
5 0.07421875 0.8015625 0.1484375 0.28125
5 0.709375 0.69375 0.58125 0.328125