1 0.0578125 0.20546875 0.115625 0.4109375
1 0.24765625 0.365625 0.3109375 0.346875
3 0.065625 0.1125 0.13125 0.225
3 0.2703125 0.1234375 0.25 0.246875
9 0.29921875 0.309375 0.1390625 0.0953125
9 0.0109375 0.0640625 0.021875 0.059375
3 0.6828125 0.0671875 0.40625 0.134375
1 0.8734375 0.12109375 0.253125 0.2421875
1 0.74296875 0.22890625 0.2703125 0.3921875
9 0.71484375 0.13203125 0.1203125 0.0828125
9 0.90546875 0.025 0.1078125 0.05
0 0.196875 0.84140625 0.2625 0.3171875
0 0.34296875 0.68046875 0.2734375 0.1609375
0 0.17265625 0.68828125 0.3359375 0.146875
3 0.74609375 0.8390625 0.3015625 0.321875