4 0.43359375 0.25 0.4109375 0.5
4 0.96875 0.1703125 0.0625 0.340625
4 0.94453125 0.16015625 0.1109375 0.3203125
4 0.89921875 0.13671875 0.1421875 0.2734375
4 0.8125 0.1125 0.115625 0.225
4 0.79609375 0.36171875 0.0890625 0.2078125
4 0.9578125 0.4671875 0.084375 0.065625
3 0.4640625 0.91796875 0.35 0.1640625
3 0.45 0.8375 0.378125 0.2125
1 0.1546875 0.85234375 0.309375 0.2953125
9 0.1125 0.78359375 0.09375 0.078125
0 0.98125 0.678125 0.0375 0.10625
0 0.884375 0.71015625 0.0703125 0.075
0 0.69140625 0.73046875 0.1046875 0.1078125