7 0.41875 0.07578125 0.3 0.1515625
7 0.30078125 0.1859375 0.5359375 0.2
7 0.29140625 0.36640625 0.384375 0.196875
7 0.31328125 0.44375 0.4328125 0.1125
7 0.05859375 0.36640625 0.1171875 0.2671875
8 0.015625 0.203125 0.03125 0.065625
8 0.49296875 0.30390625 0.05625 0.071875
8 0.534375 0.440625 0.0671875 0.0765625
3 0.703125 0.27109375 0.26875 0.3328125
3 0.59609375 0.08828125 0.0546875 0.1765625
7 0.8625 0.25 0.275 0.5
1 0.70625 0.075 0.178125 0.15
9 0.7296875 0.04140625 0.0734375 0.0671875
4 0.9015625 0.06953125 0.196875 0.1390625
7 0.4359375 0.86015625 0.24375 0.2796875
8 0.4875 0.69921875 0.1375 0.0828125
5 0.784375 0.67890625 0.43125 0.3578125