7 0.346875 0.125 0.103125 0.078125
8 0.4 0.134375 0.01875 0.0265625
2 0.43125 0.421875 0.571875 0.4859375
5 0.784375 0.60625 0.0421875 0.0640625
5 0.5046875 0.7015625 0.0609375 0.08125
5 0.4796875 0.8890625 0.253125 0.209375
5 0.61875 0.86875 0.2125 0.2234375
5 0.7875 0.86875 0.1734375 0.2390625
5 0.796875 0.74375 0.15625 0.1171875
3 0.7140625 0.496875 0.103125 0.1046875
3 0.6875 0.55 0.09375 0.109375
3 0.8421875 0.559375 0.065625 0.0890625
1 0.7765625 0.5421875 0.078125 0.0796875
9 0.7578125 0.56875 0.0171875 0.0125
8 0.803125 0.6453125 0.0203125 0.0265625
7 0.84375 0.6828125 0.0609375 0.1015625