7 0.20625 0.35625 0.35625 0.3875
7 0.4015625 0.48203125 0.096875 0.1359375
8 0.4125 0.40390625 0.0703125 0.065625
8 0.14453125 0.14765625 0.115625 0.0921875
1 0.73046875 0.284375 0.4328125 0.53125
9 0.72890625 0.178125 0.1203125 0.165625
7 0.3578125 0.89140625 0.165625 0.178125
8 0.36328125 0.84765625 0.0890625 0.090625
8 0.24140625 0.65703125 0.0796875 0.0828125
8 0.346875 0.97578125 0.08125 0.0484375
8 0.05546875 0.89296875 0.1109375 0.1359375
7 0.34296875 0.97578125 0.1609375 0.0484375
7 0.24609375 0.76484375 0.240625 0.2984375
7 0.13984375 0.88125 0.2796875 0.2375
2 0.725 0.775 0.55 0.45