4 0.171875 0.23984375 0.134375 0.4796875
3 0.06875 0.3765625 0.1375 0.20625
7 0.0484375 0.15859375 0.096875 0.3171875
0 0.8453125 0.35234375 0.146875 0.2546875
0 0.93125 0.17578125 0.1375 0.1484375
0 0.72421875 0.0828125 0.190625 0.0875
0 0.69765625 0.1453125 0.1921875 0.290625
0 0.578125 0.04453125 0.140625 0.0890625
0 0.49453125 0.0796875 0.2578125 0.159375
7 0.06796875 0.65078125 0.1359375 0.3421875
7 0.09140625 0.853125 0.1828125 0.246875
7 0.0515625 0.93828125 0.103125 0.1234375
8 0.17734375 0.93359375 0.034375 0.053125
2 0.63359375 0.73984375 0.7328125 0.5203125