3 0.18203125 0.13046875 0.2140625 0.2609375
1 0.24609375 0.05703125 0.2453125 0.1140625
9 0.1734375 0.23125 0.090625 0.06875
1 0.14375 0.26640625 0.24375 0.2265625
1 0.27421875 0.62421875 0.1890625 0.1921875
3 0.5453125 0.52421875 0.309375 0.2890625
3 0.96328125 0.67109375 0.0734375 0.3140625
3 0.73359375 0.909375 0.1515625 0.18125
1 0.49609375 0.6859375 0.1703125 0.2046875
1 0.53515625 0.82109375 0.215625 0.1859375
4 0.7828125 0.5875 0.15 0.415625
9 0.44609375 0.64609375 0.0703125 0.084375
9 0.51328125 0.79765625 0.0765625 0.065625
8 0.5203125 0.39453125 0.109375 0.0296875