1 0.1265625 0.1578125 0.253125 0.315625
1 0.36328125 0.140625 0.2921875 0.28125
9 0.0578125 0.03515625 0.115625 0.0703125
9 0.36328125 0.05234375 0.1078125 0.1046875
7 0.796875 0.1796875 0.40625 0.359375
4 0.4625 0.6484375 0.09375 0.578125
4 0.40078125 0.65703125 0.2171875 0.5921875
4 0.35625 0.61640625 0.221875 0.5140625
4 0.26875 0.60390625 0.234375 0.4890625
4 0.18515625 0.5875 0.2015625 0.45625
4 0.10390625 0.58203125 0.2078125 0.4453125
4 0.0640625 0.59609375 0.128125 0.3796875
4 0.01953125 0.55390625 0.0390625 0.3671875
4 0.18515625 0.97890625 0.0671875 0.0421875
4 0.14140625 0.978125 0.0640625 0.04375
4 0.0859375 0.96484375 0.0875 0.0703125
4 0.04609375 0.9515625 0.0921875 0.096875
7 0.7765625 0.68671875 0.3484375 0.50625
7 0.88828125 0.65703125 0.2234375 0.5015625
8 0.8015625 0.446875 0.0578125 0.0421875
8 0.9390625 0.41640625 0.0578125 0.0453125