9 0.215625 0.28984375 0.146875 0.1390625
1 0.21171875 0.2421875 0.3953125 0.234375
3 0.60859375 0.1796875 0.3984375 0.359375
3 0.8 0.06796875 0.4 0.1359375
3 0.2578125 0.94609375 0.178125 0.1078125
3 0.34609375 0.9078125 0.1265625 0.184375
3 0.38671875 0.753125 0.0453125 0.1625
3 0.33359375 0.784375 0.1515625 0.2125
3 0.30234375 0.6421875 0.1390625 0.121875
3 0.27109375 0.5828125 0.115625 0.0546875
3 0.1921875 0.55390625 0.0953125 0.0640625
3 0.16484375 0.590625 0.1078125 0.078125
3 0.1875 0.66796875 0.13125 0.1265625
3 0.2140625 0.8109375 0.1765625 0.2234375
3 0.0875 0.93125 0.175 0.1375
3 0.06640625 0.803125 0.1328125 0.1625
3 0.059375 0.6875 0.11875 0.115625
3 0.03046875 0.53671875 0.0609375 0.0609375
3 0.0375 0.61328125 0.075 0.0796875
8 0.02109375 0.50859375 0.0265625 0.0234375
8 0.13515625 0.57578125 0.03125 0.021875
8 0.209375 0.5265625 0.028125 0.025
8 0.153125 0.6359375 0.04375 0.03125
8 0.2390625 0.71953125 0.04375 0.0359375
8 0.0484375 0.8859375 0.0625 0.05
8 0.37578125 0.84375 0.0671875 0.05625
3 0.865625 0.6796875 0.26875 0.640625
8 0.94453125 0.38203125 0.1109375 0.0453125