7 0.7484375 0.30625 0.1734375 0.2859375
7 0.396875 0.18125 0.5015625 0.3203125
8 0.7890625 0.1484375 0.084375 0.0859375
4 0.5015625 0.1890625 0.140625 0.3765625
3 0.43125 0.590625 0.3078125 0.178125
3 0.4984375 0.4171875 0.29375 0.203125
1 0.246875 0.69375 0.2421875 0.184375
7 0.3234375 0.8328125 0.3671875 0.3140625
8 0.528125 0.696875 0.0609375 0.084375
8 0.1375 0.309375 0.0234375 0.0796875
3 0.6328125 0.765625 0.484375 0.46875
8 0.4765625 0.921875 0.0875 0.1078125
8 0.528125 0.703125 0.0453125 0.0921875
1 0.7265625 0.50625 0.1953125 0.225
9 0.7703125 0.4703125 0.08125 0.0609375