0 0.15625 0.3296875 0.10625 0.1453125
0 0.0734375 0.28984375 0.1234375 0.1359375
0 0.040625 0.27421875 0.08125 0.1640625
4 0.82890625 0.3640625 0.2734375 0.390625
4 0.684375 0.35 0.25 0.41875
1 0.53046875 0.4859375 0.1734375 0.146875
1 0.421875 0.47265625 0.14375 0.1734375
9 0.546875 0.44453125 0.05 0.034375
9 0.41796875 0.4203125 0.05 0.028125
2 0.175 0.7796875 0.35 0.440625
3 0.80859375 0.74296875 0.3828125 0.3671875
3 0.6453125 0.89921875 0.2875 0.2015625
3 0.4328125 0.9375 0.165625 0.125
1 0.42421875 0.8390625 0.1484375 0.315625
9 0.36953125 0.78125 0.0390625 0.09375
4 0.57578125 0.6453125 0.2234375 0.171875
4 0.4421875 0.6703125 0.184375 0.221875