2 0.16484375 0.26484375 0.3296875 0.5296875
3 0.22890625 0.4796875 0.1484375 0.1
3 0.578125 0.26484375 0.296875 0.5296875
3 0.89140625 0.26484375 0.2171875 0.5296875
4 0.08671875 0.76484375 0.1734375 0.4703125
4 0.12421875 0.69296875 0.1515625 0.3265625
7 0.43984375 0.8078125 0.2203125 0.384375
8 0.36171875 0.70234375 0.0640625 0.1734375
1 0.5828125 0.678125 0.240625 0.296875
9 0.6046875 0.609375 0.0890625 0.090625
4 0.75546875 0.734375 0.1828125 0.409375
4 0.83515625 0.796875 0.3296875 0.40625
7 0.94921875 0.56484375 0.1015625 0.0703125