3 0.4984375 0.0859375 0.240625 0.171875
3 0.12890625 0.228125 0.1609375 0.309375
3 0.42890625 0.36953125 0.1578125 0.0796875
1 0.57578125 0.17109375 0.0859375 0.2078125
1 0.55546875 0.309375 0.1265625 0.1875
4 0.32578125 0.16015625 0.1609375 0.3203125
9 0.5984375 0.28203125 0.040625 0.0671875
1 0.809375 0.28359375 0.38125 0.2515625
4 0.48828125 0.6 0.2203125 0.38125
4 0.328125 0.596875 0.196875 0.375
1 0.215625 0.67734375 0.153125 0.25625
1 0.084375 0.68828125 0.15 0.2578125
9 0.2015625 0.5765625 0.05 0.0296875
9 0.06484375 0.59140625 0.05 0.025
2 0.74921875 0.7375 0.2609375 0.525