0 0.071875 0.4734375 0.1234375 0.09375
0 0.21796875 0.45859375 0.0625 0.06875
1 0.74140625 0.271875 0.321875 0.378125
1 0.97109375 0.471875 0.0578125 0.25625
1 0.90390625 0.5 0.1921875 0.2
1 0.428125 0.55078125 0.278125 0.0984375
1 0.42734375 0.434375 0.2765625 0.33125
1 0.48984375 0.33359375 0.4015625 0.3234375
1 0.59921875 0.08984375 0.4015625 0.1796875
9 0.78203125 0.34453125 0.0953125 0.08125
1 0.14453125 0.90546875 0.2890625 0.1890625
1 0.715625 0.8 0.53125 0.4
9 0.6328125 0.6546875 0.134375 0.109375