6 0.16015625 0.196875 0.3203125 0.39375
6 0.21484375 0.27265625 0.4078125 0.3734375
6 0.696875 0.1890625 0.2875 0.378125
2 0.209375 0.7125 0.41875 0.50625
1 0.54453125 0.75234375 0.2515625 0.4671875
1 0.71953125 0.7078125 0.2953125 0.4421875
1 0.9265625 0.66875 0.146875 0.41875
1 0.90859375 0.8859375 0.1828125 0.228125
1 0.77578125 0.92109375 0.2109375 0.1578125
1 0.60703125 0.94296875 0.2296875 0.1140625
9 0.45625 0.59609375 0.075 0.0546875
9 0.69296875 0.53046875 0.06875 0.0421875
9 0.90390625 0.834375 0.0765625 0.0515625