3 0.17421875 0.4109375 0.3484375 0.196875
3 0.44921875 0.2265625 0.2046875 0.2875
7 0.25078125 0.04609375 0.2734375 0.0921875
7 0.128125 0.17265625 0.25625 0.3265625
8 0.35390625 0.03125 0.0640625 0.0625
8 0.053125 0.04921875 0.0703125 0.0546875
2 0.2796875 0.2546875 0.559375 0.509375
2 0.7796875 0.2546875 0.440625 0.509375
7 0.8671875 0.14140625 0.2375 0.203125
8 0.99140625 0.15390625 0.0171875 0.0703125
1 0.63515625 0.4078125 0.1515625 0.178125
3 0.87578125 0.47109375 0.2484375 0.0765625
9 0.3828125 0.7953125 0.071875 0.028125
1 0.43046875 0.865625 0.2578125 0.26875
7 0.2921875 0.87890625 0.534375 0.2421875
8 0.04765625 0.84296875 0.0953125 0.1171875
2 0.7765625 0.696875 0.375 0.375