2 0.340625 0.1359375 0.3375 0.271875
3 0.2359375 0.128125 0.1625 0.165625
3 0.18984375 0.06953125 0.1625 0.1390625
1 0.090625 0.11953125 0.1203125 0.1515625
9 0.11953125 0.15546875 0.0390625 0.0484375
7 0.0671875 0.22734375 0.134375 0.1859375
5 0.1984375 0.32265625 0.259375 0.1984375
5 0.3140625 0.45 0.3265625 0.2015625
5 0.0875 0.4890625 0.115625 0.140625
5 0.2859375 0.53046875 0.15625 0.0578125
5 0.79375 0.47734375 0.171875 0.1640625
5 0.80234375 0.2203125 0.3953125 0.315625
5 0.63125 0.1125 0.24375 0.225
1 0.2546875 0.78125 0.509375 0.4375
5 0.7546875 0.809375 0.490625 0.38125