1 0.29140625 0.2890625 0.16875 0.3359375
1 0.03125 0.38359375 0.0625 0.2515625
7 0.184375 0.09140625 0.36875 0.1828125
8 0.33671875 0.0734375 0.0515625 0.08125
3 0.14453125 0.24140625 0.2890625 0.2515625
3 0.134375 0.4078125 0.221875 0.203125
2 0.7 0.2640625 0.6 0.490625
7 0.35625 0.853125 0.0875 0.228125
7 0.2734375 0.896875 0.165625 0.20625
7 0.13203125 0.7546875 0.2640625 0.490625
8 0.31328125 0.7953125 0.084375 0.0734375
8 0.0921875 0.52265625 0.1375 0.0265625
8 0.7359375 0.57421875 0.128125 0.1296875
7 0.696875 0.79453125 0.33125 0.4109375
7 0.71875 0.96640625 0.384375 0.0671875