7 0.15078125 0.23515625 0.3015625 0.4703125
7 0.303125 0.3890625 0.1515625 0.2390625
7 0.21328125 0.515625 0.4265625 0.234375
7 0.3953125 0.66171875 0.215625 0.1359375
7 0.178125 0.63984375 0.340625 0.1796875
8 0.3453125 0.25703125 0.0609375 0.06875
8 0.434375 0.57109375 0.053125 0.0609375
8 0.4671875 0.6015625 0.0546875 0.0359375
8 0.0234375 0.57734375 0.046875 0.0671875
3 0.63984375 0.590625 0.2609375 0.278125
3 0.64609375 0.2859375 0.2734375 0.2625
3 0.5828125 0.49453125 0.146875 0.2359375
4 0.64609375 0.10234375 0.2734375 0.2046875
7 0.7484375 0.553125 0.33125 0.353125
8 0.87109375 0.38515625 0.084375 0.05625
5 0.28671875 0.86171875 0.4453125 0.2640625
2 0.76484375 0.86484375 0.4703125 0.2703125