0 0.33671875 0.1234375 0.1453125 0.246875
0 0.32109375 0.3203125 0.1765625 0.134375
4 0.88828125 0.28984375 0.2234375 0.3578125
4 0.95703125 0.309375 0.0859375 0.31875
4 0.771875 0.2671875 0.275 0.403125
4 0.69609375 0.29609375 0.1734375 0.3453125
4 0.5171875 0.26015625 0.2 0.4171875
4 0.5921875 0.265625 0.2625 0.40625
4 0.18671875 0.6421875 0.2171875 0.346875
4 0.29765625 0.64609375 0.2109375 0.3546875
4 0.3578125 0.65 0.103125 0.3625
3 0.571875 0.81328125 0.325 0.3734375
3 0.90234375 0.6234375 0.1953125 0.265625
1 0.828125 0.815625 0.23125 0.2609375
1 0.75078125 0.9453125 0.4171875 0.109375
9 0.82890625 0.81328125 0.0796875 0.0953125