8 0.015625 0.421875 0.03125 0.078125
8 0.21484375 0.03671875 0.0828125 0.0734375
7 0.28828125 0.43828125 0.4828125 0.2015625
7 0.22578125 0.21328125 0.1765625 0.2921875
7 0.4109375 0.21796875 0.2375 0.4359375
4 0.94765625 0.171875 0.1046875 0.31875
1 0.93515625 0.43203125 0.1296875 0.2140625
3 0.68125 0.4109375 0.303125 0.25625
3 0.84453125 0.478125 0.2640625 0.121875
7 0.63671875 0.196875 0.2140625 0.39375
7 0.7203125 0.1265625 0.228125 0.253125
5 0.26484375 0.76953125 0.5296875 0.4609375
7 0.83828125 0.75234375 0.3234375 0.2078125
7 0.84609375 0.60390625 0.1453125 0.1296875
7 0.69296875 0.62265625 0.1765625 0.1671875
8 0.66484375 0.725 0.04375 0.059375