6 0.25859375 0.134375 0.5171875 0.26875
6 0.4515625 0.159375 0.234375 0.31875
1 0.784375 0.159375 0.43125 0.31875
9 0.65859375 0.071875 0.1796875 0.14375
3 0.484375 0.73984375 0.16875 0.3796875
3 0.29296875 0.76640625 0.2203125 0.25625
1 0.24921875 0.603125 0.253125 0.303125
9 0.2171875 0.5453125 0.10625 0.0875
9 0.29296875 0.8578125 0.0875 0.071875
1 0.309375 0.890625 0.253125 0.21875
4 0.4421875 0.40078125 0.20625 0.1640625
4 0.23515625 0.4296875 0.3140625 0.221875
3 0.784375 0.659375 0.43125 0.68125