1 0.32890625 0.05078125 0.2328125 0.1015625
3 0.1890625 0.109375 0.378125 0.21875
7 0.284375 0.18125 0.509375 0.075
1 0.76953125 0.13828125 0.4609375 0.1609375
9 0.659375 0.1734375 0.240625 0.084375
8 0.4453125 0.40625 0.140625 0.0921875
7 0.4265625 0.709375 0.225 0.58125
7 0.72578125 0.35546875 0.3734375 0.2734375
7 0.70859375 0.24375 0.3390625 0.05
8 0.7453125 0.55703125 0.0625 0.1203125
8 0.7828125 0.76484375 0.0796875 0.13125
8 0.8859375 0.95859375 0.090625 0.0828125
7 0.62265625 0.57265625 0.1671875 0.2546875
7 0.65625 0.815625 0.234375 0.3125
7 0.70859375 0.946875 0.3390625 0.10625