4 0.259375 0.24453125 0.21875 0.3296875
3 0.75078125 0.2046875 0.4984375 0.409375
5 0.184375 0.7046875 0.36875 0.590625
2 0.4453125 0.5828125 0.153125 0.346875
5 0.80703125 0.82890625 0.3859375 0.3421875
3 0.51484375 0.5859375 0.23125 0.1765625
3 0.490625 0.6859375 0.2390625 0.209375
3 0.85 0.54375 0.3 0.25
8 0.73828125 0.57265625 0.0390625 0.053125
8 0.77109375 0.73515625 0.0375 0.0625
7 0.89140625 0.759375 0.2171875 0.23125
1 0.65546875 0.59375 0.1453125 0.1859375
9 0.640625 0.64765625 0.03125 0.04375