0 0.16875 0.11015625 0.3375 0.2203125
0 0.17109375 0.0234375 0.1171875 0.046875
1 0.86015625 0.31953125 0.2796875 0.3203125
3 0.765625 0.12578125 0.296875 0.2515625
9 0.86328125 0.27578125 0.1359375 0.128125
1 0.39453125 0.78828125 0.2109375 0.4234375
1 0.1671875 0.88125 0.334375 0.2375
3 0.39609375 0.66328125 0.2078125 0.3671875
3 0.16796875 0.66015625 0.2859375 0.3609375
9 0.11640625 0.88984375 0.1484375 0.109375
9 0.459375 0.67734375 0.08125 0.0703125
4 0.67578125 0.73984375 0.3515625 0.5203125