7 0.4796875 0.3015625 0.4390625 0.134375
7 0.3734375 0.1265625 0.178125 0.2515625
8 0.2421875 0.2953125 0.0375 0.0765625
8 0.28125 0.984375 0.053125 0.0296875
3 0.5484375 0.84375 0.653125 0.3109375
3 0.4671875 0.4671875 0.296875 0.2234375
3 0.4703125 0.65625 0.15625 0.25625
1 0.665625 0.625 0.196875 0.2609375
9 0.6984375 0.609375 0.09375 0.090625
1 0.2796875 0.5109375 0.1515625 0.3296875
7 0.1921875 0.65 0.128125 0.66875
4 0.8078125 0.3015625 0.134375 0.3015625
4 0.8109375 0.5109375 0.128125 0.315625