2 0.18671875 0.22890625 0.3734375 0.4015625
5 0.4765625 0.26015625 0.0515625 0.065625
3 0.53984375 0.184375 0.1578125 0.140625
8 0.48671875 0.2015625 0.025 0.028125
1 0.44375 0.21171875 0.0734375 0.0921875
9 0.4390625 0.2453125 0.01875 0.0203125
3 0.3703125 0.2046875 0.1171875 0.1046875
3 0.37421875 0.26171875 0.109375 0.1125
7 0.55703125 0.29765625 0.1234375 0.1109375
8 0.509375 0.28515625 0.0234375 0.03125
5 0.796875 0.21484375 0.35625 0.4296875
2 0.25625 0.71484375 0.5125 0.5703125
3 0.4734375 0.58515625 0.234375 0.3109375
8 0.52578125 0.665625 0.0640625 0.0625
7 0.06953125 0.884375 0.1390625 0.23125
8 0.0984375 0.9375 0.0765625 0.0828125
1 0.65 0.6921875 0.0625 0.315625
7 0.809375 0.70390625 0.38125 0.3984375
8 0.64140625 0.89375 0.0453125 0.09375
4 0.93515625 0.71484375 0.1296875 0.5703125