3 0.12734375 0.16171875 0.2546875 0.3234375
3 0.10546875 0.37734375 0.2109375 0.3828125
1 0.275 0.1578125 0.16875 0.315625
7 0.57265625 0.33828125 0.4265625 0.5828125
7 0.77109375 0.19296875 0.21875 0.2984375
7 0.8796875 0.4046875 0.1734375 0.3
7 0.81328125 0.4875 0.1859375 0.284375
7 0.69140625 0.5015625 0.2109375 0.25625
8 0.73984375 0.04296875 0.071875 0.0546875
8 0.8375 0.24765625 0.0765625 0.065625
8 0.76796875 0.3296875 0.084375 0.0765625
8 0.46953125 0.0640625 0.1203125 0.08125
8 0.6390625 0.37421875 0.0859375 0.075
9 0.39609375 0.87578125 0.0703125 0.0625
1 0.56796875 0.85234375 0.4171875 0.2953125
7 0.6546875 0.7171875 0.590625 0.175