7 0.36484375 0.2046875 0.1078125 0.409375
7 0.11484375 0.33046875 0.2296875 0.1578125
1 0.209375 0.2046875 0.41875 0.409375
8 0.05625 0.26640625 0.1125 0.1484375
2 0.709375 0.2046875 0.58125 0.409375
7 0.63046875 0.02734375 0.2546875 0.0546875
8 0.75625 0.0125 0.04375 0.025
3 0.5765625 0.3140625 0.315625 0.190625
3 0.83359375 0.14609375 0.20625 0.2453125
1 0.3421875 0.57578125 0.153125 0.2421875
1 0.3125 0.80859375 0.2125 0.3828125
1 0.20234375 0.73046875 0.3140625 0.4046875
9 0.38828125 0.5203125 0.0609375 0.071875
9 0.2171875 0.60703125 0.1109375 0.096875
9 0.39140625 0.71015625 0.0546875 0.0890625
1 0.709375 0.79609375 0.58125 0.4078125