3 0.346875 0.2765625 0.125 0.51875
3 0.30078125 0.128125 0.1875 0.253125
7 0.259375 0.603125 0.3 0.4125
7 0.07109375 0.3546875 0.1421875 0.375
8 0.04921875 0.14375 0.0984375 0.125
1 0.30703125 0.32734375 0.15 0.3046875
9 0.29140625 0.29140625 0.065625 0.071875
1 0.0734375 0.1 0.146875 0.134375
4 0.03359375 0.45234375 0.0671875 0.4671875
4 0.18359375 0.3453125 0.303125 0.6671875
0 0.55703125 0.63671875 0.275 0.3421875
0 0.47109375 0.2109375 0.1234375 0.30625
0 0.65546875 0.24765625 0.1265625 0.196875
0 0.82890625 0.48984375 0.3234375 0.353125
0 0.746875 0.6609375 0.421875 0.296875
0 0.66875 0.953125 0.146875 0.09375
0 0.48828125 0.9046875 0.1578125 0.190625
0 0.4890625 0.92734375 0.159375 0.1453125