3 0.3453125 0.1046875 0.328125 0.209375
3 0.3796875 0.265625 0.259375 0.20625
4 0.1109375 0.11328125 0.221875 0.2265625
4 0.10078125 0.18515625 0.2015625 0.3671875
9 0.77734375 0.04765625 0.2515625 0.0953125
9 0.590625 0.0953125 0.1625 0.190625
9 0.77109375 0.184375 0.2328125 0.25
9 0.9296875 0.24765625 0.140625 0.2421875
9 0.79765625 0.31640625 0.2046875 0.1046875
0 0.4 0.56953125 0.21875 0.4015625
0 0.22890625 0.5484375 0.4171875 0.359375
0 0.2546875 0.71875 0.509375 0.409375
6 0.7546875 0.75390625 0.490625 0.4921875