0 0.03828125 0.1484375 0.0765625 0.25625
0 0.1578125 0.33125 0.165625 0.2328125
0 0.30546875 0.30546875 0.1328125 0.2171875
0 0.42734375 0.31171875 0.1640625 0.2453125
9 0.6671875 0.234375 0.1140625 0.1109375
9 0.603125 0.4015625 0.0875 0.0953125
8 0.82890625 0.47578125 0.0890625 0.10625
1 0.75 0.23125 0.3515625 0.2875
1 0.66484375 0.4203125 0.3109375 0.265625
3 0.88046875 0.50703125 0.2390625 0.3234375
8 0.41015625 0.9828125 0.0859375 0.034375
3 0.02890625 0.80546875 0.0578125 0.2640625
1 0.125 0.89921875 0.234375 0.2015625
1 0.153125 0.784375 0.26875 0.23125
9 0.1140625 0.70546875 0.096875 0.0734375
9 0.13203125 0.896875 0.0796875 0.0703125
2 0.7546875 0.834375 0.490625 0.33125