7 0.1703125 0.0796875 0.159375 0.159375
7 0.125 0.2 0.25 0.16875
7 0.13984375 0.3515625 0.2203125 0.171875
7 0.15703125 0.409375 0.1859375 0.059375
8 0.803125 0.1359375 0.1015625 0.0734375
8 0.63984375 0.40234375 0.0765625 0.0515625
8 0.42421875 0.4140625 0.0796875 0.05
7 0.80859375 0.30703125 0.3109375 0.2640625
9 0.125 0.80234375 0.25 0.1234375
1 0.125 0.8234375 0.25 0.353125
7 0.8375 0.50390625 0.1875 0.1296875
6 0.58046875 0.5171875 0.3578125 0.15625
6 0.66328125 0.92890625 0.3234375 0.1421875
6 0.86640625 0.690625 0.2671875 0.315625
6 0.66015625 0.71015625 0.340625 0.3171875