2 0.2671875 0.4453125 0.1875 0.528125
3 0.0578125 0.10078125 0.115625 0.2015625
3 0.096875 0.4328125 0.1671875 0.2578125
3 0.046875 0.4421875 0.09375 0.240625
7 0.0390625 0.25390625 0.078125 0.1578125
8 0.0703125 0.2078125 0.0234375 0.04375
8 0.22109375 0.39921875 0.0546875 0.0515625
7 0.14609375 0.32734375 0.1546875 0.196875
7 0.93046875 0.603125 0.1390625 0.2125
1 0.95546875 0.4546875 0.0890625 0.165625
6 0.5703125 0.19921875 0.3625 0.3734375
6 0.60234375 0.47265625 0.4265625 0.4734375
2 0.19453125 0.8546875 0.3890625 0.290625
2 0.31640625 0.8546875 0.1453125 0.290625
2 0.71171875 0.8546875 0.5765625 0.290625