6 0.271875 0.06640625 0.19375 0.1328125
8 0.365625 0.1734375 0.00625 0.028125
7 0.13046875 0.49921875 0.2046875 0.1578125
3 0.1828125 0.35390625 0.0609375 0.1546875
3 0.05 0.328125 0.1 0.1375
1 0.11484375 0.38125 0.084375 0.11875
9 0.125 0.41953125 0.0265625 0.025
2 0.184375 0.3734375 0.36875 0.4125
1 0.84140625 0.3671875 0.3171875 0.3125
9 0.8375 0.33671875 0.0875 0.13125
5 0.17421875 0.79921875 0.3484375 0.2109375
5 0.10703125 0.92421875 0.1609375 0.1515625
5 0.1046875 0.6546875 0.209375 0.15
5 0.70390625 0.78984375 0.5921875 0.4203125
5 0.509375 0.6484375 0.221875 0.1375