9 0.16484375 0.02734375 0.0828125 0.0546875
9 0.21015625 0.22578125 0.115625 0.1
1 0.16015625 0.0578125 0.2171875 0.115625
1 0.2546875 0.2453125 0.265625 0.26875
4 0.9015625 0.25859375 0.196875 0.2421875
4 0.7515625 0.2734375 0.196875 0.2125
4 0.58828125 0.28125 0.1828125 0.196875
0 0.19296875 0.3921875 0.1453125 0.025
0 0.25625 0.521875 0.1296875 0.0484375
0 0.20078125 0.590625 0.1265625 0.08125
0 0.09765625 0.72578125 0.13125 0.1328125
9 0.775 0.86484375 0.140625 0.1359375
1 0.61015625 0.5625 0.075 0.0828125
1 0.61875 0.6296875 0.246875 0.2671875
1 0.8203125 0.83828125 0.35 0.3234375
3 0.46640625 0.60859375 0.0734375 0.3234375
3 0.559375 0.81875 0.259375 0.3625