7 0.140625 0.28125 0.1875 0.2703125
7 0.1203125 0.42109375 0.08125 0.0953125
7 0.0484375 0.415625 0.071875 0.10625
7 0.015625 0.37421875 0.03125 0.1171875
7 0.02265625 0.25625 0.0453125 0.18125
8 0.0453125 0.3578125 0.05 0.0578125
8 0.125 0.365625 0.04375 0.046875
8 0.1453125 0.159375 0.071875 0.071875
3 0.9203125 0.234375 0.159375 0.46875
5 0.259375 0.871875 0.51875 0.25625
7 0.653125 0.92578125 0.146875 0.1484375
4 0.5453125 0.81796875 0.053125 0.3640625
3 0.8453125 0.91796875 0.246875 0.1640625
3 0.7234375 0.759375 0.1234375 0.28125
1 0.921875 0.865625 0.1265625 0.2265625
1 0.6171875 0.828125 0.1640625 0.16875
9 0.58125 0.821875 0.0703125 0.046875
3 0.65390625 0.65 0.2703125 0.284375
8 0.71875 0.5375 0.0640625 0.05625
8 0.6640625 0.84375 0.0953125 0.1
7 0.55078125 0.48671875 0.0640625 0.0359375