2 0.346875 0.16953125 0.34375 0.3390625
1 0.73984375 0.16953125 0.4421875 0.3390625
0 0.1109375 0.4859375 0.221875 0.29375
0 0.20234375 0.38359375 0.0796875 0.0890625
0 0.44453125 0.475 0.1484375 0.271875
0 0.24453125 0.41484375 0.0859375 0.1515625
0 0.32265625 0.3921875 0.0890625 0.10625
0 0.365625 0.3734375 0.059375 0.06875
0 0.35859375 0.6328125 0.253125 0.4546875
1 0.859375 0.50234375 0.253125 0.3265625
1 0.6109375 0.6109375 0.184375 0.45
1 0.834375 0.75390625 0.33125 0.4234375
9 0.546875 0.46484375 0.05625 0.0546875
9 0.98203125 0.85703125 0.0359375 0.0796875