5 0.28515625 0.33671875 0.3640625 0.1453125
5 0.13671875 0.20859375 0.2734375 0.4015625
2 0.39296875 0.0828125 0.2734375 0.165625
7 0.04609375 0.078125 0.0921875 0.15625
8 0.10234375 0.0484375 0.0296875 0.0453125
3 0.3015625 0.040625 0.175 0.08125
5 0.1359375 0.028125 0.071875 0.05625
5 0.76484375 0.2046875 0.4703125 0.409375
5 0.26484375 0.80859375 0.5296875 0.3828125
7 0.35703125 0.69765625 0.196875 0.18125
8 0.428125 0.6859375 0.046875 0.0609375
1 0.4875 0.58046875 0.084375 0.1484375
9 0.5171875 0.61640625 0.025 0.0359375
3 0.30546875 0.55390625 0.3359375 0.2453125
8 0.44140625 0.565625 0.0375 0.0546875
5 0.78828125 0.7046875 0.4234375 0.590625