0 0.4359375 0.3234375 0.121875 0.23125
0 0.28046875 0.365625 0.2421875 0.146875
0 0.2359375 0.2671875 0.1953125 0.2
0 0.15 0.2953125 0.1953125 0.1859375
1 0.85078125 0.35546875 0.2421875 0.1671875
2 0.54453125 0.6734375 0.3703125 0.43125
5 0.53515625 0.9296875 0.0671875 0.0890625
5 0.20703125 0.9078125 0.3390625 0.184375
5 0.2734375 0.80703125 0.0484375 0.0640625
3 0.15859375 0.77109375 0.2125 0.1296875
8 0.24140625 0.7546875 0.0234375 0.0265625
1 0.284375 0.74765625 0.0703125 0.090625
9 0.3015625 0.7765625 0.0203125 0.0203125
3 0.35078125 0.715625 0.115625 0.1015625
3 0.36953125 0.76796875 0.1046875 0.1078125
7 0.2109375 0.871875 0.121875 0.10625
8 0.2515625 0.84140625 0.0234375 0.03125
6 0.81640625 0.484375 0.1734375 0.090625
7 0.94765625 0.52890625 0.1046875 0.0796875
8 0.9 0.55234375 0.0203125 0.028125
7 0.76640625 0.9015625 0.0734375 0.178125
3 0.7484375 0.75078125 0.0375 0.1578125
2 0.86484375 0.7625 0.2703125 0.475