7 0.109375 0.18984375 0.21875 0.3796875
7 0.48125 0.240625 0.134375 0.2296875
8 0.46875 0.10390625 0.0546875 0.04375
4 0.27578125 0.234375 0.1359375 0.290625
4 0.56328125 0.16484375 0.1109375 0.3296875
3 0.515625 0.33828125 0.20625 0.0828125
8 0.4984375 0.3484375 0.090625 0.0625
2 0.70390625 0.1953125 0.1703125 0.36875
2 0.85234375 0.18984375 0.2953125 0.3796875
2 0.309375 0.703125 0.61875 0.59375
7 0.0484375 0.425 0.0875 0.090625
7 0.09765625 0.4375 0.103125 0.1140625
8 0.04921875 0.48515625 0.0265625 0.0328125
1 0.12578125 0.40390625 0.0984375 0.0484375
2 0.809375 0.68984375 0.38125 0.6203125