2 0.14765625 0.25625 0.2953125 0.3875
5 0.41015625 0.3953125 0.046875 0.065625
3 0.4984375 0.34921875 0.1625 0.1265625
8 0.43984375 0.33984375 0.0234375 0.0265625
1 0.39296875 0.3359375 0.06875 0.0921875
9 0.37578125 0.3671875 0.01875 0.0203125
3 0.31875 0.30390625 0.1171875 0.1015625
3 0.303125 0.3625 0.1046875 0.109375
7 0.48125 0.42890625 0.125 0.0421875
8 0.43515625 0.43203125 0.021875 0.0328125
5 0.78046875 0.228125 0.4015625 0.44375
4 0.02578125 0.70078125 0.0515625 0.3546875
4 0.33046875 0.9640625 0.2578125 0.071875
7 0.20078125 0.66875 0.2796875 0.4375
8 0.2265625 0.45859375 0.103125 0.0171875
2 0.9390625 0.48828125 0.121875 0.0765625
5 0.85546875 0.59765625 0.1859375 0.16875
5 0.9625 0.73203125 0.075 0.2765625