7 0.50234375 0.2109375 0.3921875 0.421875
7 0.33125 0.34375 0.16875 0.2484375
7 0.4578125 0.4640625 0.4953125 0.2671875
7 0.2625 0.621875 0.2375 0.134375
7 0.4765625 0.5890625 0.353125 0.2
8 0.2796875 0.21328125 0.0671875 0.0734375
8 0.2109375 0.53671875 0.05625 0.065625
8 0.18046875 0.571875 0.05625 0.0390625
8 0.63515625 0.51484375 0.0640625 0.071875
5 0.88984375 0.35078125 0.2203125 0.6765625
9 0.72109375 0.8234375 0.1171875 0.15625
1 0.47734375 0.8703125 0.6046875 0.259375
2 0.81171875 0.84453125 0.0640625 0.3109375
2 0.88984375 0.84453125 0.2203125 0.3109375
2 0.88984375 0.946875 0.2203125 0.10625