7 0.34140625 0.11796875 0.2765625 0.2359375
7 0.2609375 0.2515625 0.4375 0.2375
7 0.24296875 0.375 0.3265625 0.1875
7 0.24609375 0.49765625 0.35625 0.228125
7 0.27109375 0.56953125 0.4078125 0.1609375
8 0.03125 0.2484375 0.034375 0.053125
8 0.4140625 0.3671875 0.0390625 0.059375
8 0.43125 0.46953125 0.0515625 0.065625
8 0.46484375 0.57734375 0.0296875 0.0703125
6 0.0515625 0.43046875 0.103125 0.4390625
0 0.715625 0.2078125 0.471875 0.415625
3 0.2453125 0.825 0.46875 0.35
1 0.5828125 0.821875 0.20625 0.34375
1 0.81640625 0.8171875 0.3671875 0.334375