1 0.45078125 0.30078125 0.1578125 0.2171875
9 0.4125 0.39765625 0.053125 0.0234375
7 0.15625 0.32109375 0.21875 0.1765625
7 0.25625 0.1 0.203125 0.2
4 0.2109375 0.23984375 0.3125 0.3390625
3 0.371875 0.24453125 0.315625 0.2203125
3 0.5 0.1140625 0.059375 0.228125
1 0.41171875 0.08828125 0.1796875 0.1765625
5 0.79765625 0.15234375 0.3296875 0.3046875
5 0.8140625 0.32421875 0.371875 0.1703125
5 0.63984375 0.36875 0.0703125 0.08125
5 0.37890625 0.73984375 0.3015625 0.5203125
7 0.87578125 0.77109375 0.2484375 0.4578125
8 0.95625 0.53125 0.0875 0.1