3 0.2625 0.378125 0.2734375 0.471875
3 0.3921875 0.2203125 0.1578125 0.2265625
7 0.365625 0.7546875 0.48125 0.490625
7 0.65625 0.4109375 0.1484375 0.346875
8 0.1484375 0.1515625 0.0453125 0.0359375
8 0.646875 0.209375 0.1109375 0.109375
8 0.7859375 0.1390625 0.0671875 0.040625
1 0.4046875 0.4109375 0.1140625 0.28125
9 0.4171875 0.375 0.0578125 0.0625
1 0.6359375 0.16875 0.190625 0.109375
4 0.771875 0.4953125 0.20625 0.43125
4 0.5265625 0.415625 0.2265625 0.61875
7 0.8078125 0.271875 0.1328125 0.259375