2 0.30859375 0.2296875 0.5828125 0.459375
5 0.84453125 0.24453125 0.3109375 0.4296875
2 0.3375 0.56484375 0.525 0.2109375
5 0.0515625 0.49453125 0.103125 0.0703125
5 0.00859375 0.6671875 0.0171875 0.290625
5 0.16796875 0.8765625 0.3359375 0.246875
3 0.32421875 0.64765625 0.1484375 0.178125
3 0.41796875 0.65703125 0.13125 0.18125
3 0.403125 0.89609375 0.153125 0.2078125
1 0.39140625 0.7640625 0.1453125 0.0953125
9 0.3359375 0.753125 0.021875 0.021875
5 0.30703125 0.8140625 0.0984375 0.0859375
8 0.3859375 0.825 0.0375 0.03125
8 0.25078125 0.8453125 0.0453125 0.028125
7 0.21796875 0.92109375 0.1703125 0.1578125
5 0.8 0.61953125 0.4 0.3203125
5 0.8 0.79375 0.4 0.4125