2 0.1328125 0.27109375 0.16875 0.3703125
5 0.3953125 0.54453125 0.36875 0.1703125
3 0.203125 0.31640625 0.2140625 0.165625
3 0.1578125 0.4015625 0.221875 0.1953125
3 0.47734375 0.36796875 0.2046875 0.2359375
8 0.4078125 0.35546875 0.034375 0.0484375
8 0.4 0.50859375 0.0359375 0.0578125
7 0.490625 0.54140625 0.178125 0.1765625
1 0.32890625 0.35546875 0.1359375 0.171875
9 0.30078125 0.40078125 0.0296875 0.040625
5 0.759375 0.31484375 0.359375 0.6296875
5 0.2140625 0.81484375 0.428125 0.3703125
5 0.80078125 0.81484375 0.3984375 0.3703125