9 0.3671875 0.4109375 0.4828125 0.4390625
9 0.73125 0.3015625 0.2875 0.2109375
9 0.8515625 0.4515625 0.0453125 0.10625
2 0.821875 0.75 0.1046875 0.4984375
3 0.421875 0.70625 0.2625 0.1375
8 0.5375 0.709375 0.0203125 0.034375
8 0.534375 0.6015625 0.01875 0.0359375
7 0.478125 0.571875 0.13125 0.1125
5 0.5640625 0.65 0.05 0.0796875
1 0.5953125 0.725 0.078125 0.1046875
9 0.6109375 0.678125 0.0203125 0.0109375
3 0.7078125 0.6734375 0.13125 0.128125
3 0.7 0.7578125 0.1484375 0.125
2 0.821875 0.753125 0.1046875 0.49375