2 0.18828125 0.23984375 0.3765625 0.4796875
3 0.490625 0.15078125 0.18125 0.3015625
3 0.65234375 0.16484375 0.2265625 0.3296875
3 0.82421875 0.18046875 0.203125 0.3578125
3 0.94140625 0.21953125 0.1171875 0.3546875
8 0.28828125 0.6140625 0.0984375 0.0890625
6 0.2 0.82421875 0.4 0.3515625
7 0.2875 0.7703125 0.225 0.28125
7 0.765625 0.753125 0.45 0.49375
7 0.48671875 0.846875 0.1734375 0.30625
7 0.4390625 0.81640625 0.078125 0.2984375
8 0.428125 0.64296875 0.05625 0.0578125
8 0.515625 0.690625 0.071875 0.06875
8 0.86015625 0.50625 0.1265625 0.053125