3 0.2546875 0.53984375 0.509375 0.2203125
3 0.16953125 0.203125 0.3390625 0.24375
3 0.16171875 0.425 0.19375 0.228125
8 0.47265625 0.07109375 0.0734375 0.1328125
7 0.421875 0.18515625 0.175 0.2828125
4 0.4796875 0.29765625 0.059375 0.3015625
4 0.27265625 0.06328125 0.4734375 0.1265625
7 0.05546875 0.4359375 0.1109375 0.35625
1 0.3671875 0.38828125 0.20625 0.2234375
9 0.39921875 0.39609375 0.0984375 0.0953125
7 0.64296875 0.25390625 0.2671875 0.5078125
4 0.73984375 0.5421875 0.2671875 0.215625
1 0.2546875 0.78359375 0.509375 0.2671875
9 0.43046875 0.68046875 0.1296875 0.0609375
5 0.7546875 0.8359375 0.490625 0.328125