1 0.23203125 0.171875 0.3359375 0.34375
6 0.66484375 0.21953125 0.5234375 0.4390625
7 0.13046875 0.57421875 0.2609375 0.2703125
4 0.23203125 0.475 0.2765625 0.071875
1 0.3640625 0.59375 0.071875 0.309375
9 0.27890625 0.75546875 0.1078125 0.078125
1 0.21328125 0.803125 0.3453125 0.3375
8 0.2875 0.60234375 0.08125 0.11875
7 0.65234375 0.5265625 0.1796875 0.175
7 0.571875 0.609375 0.11875 0.340625
4 0.7328125 0.753125 0.321875 0.49375
1 0.93984375 0.58203125 0.1203125 0.2859375
9 0.95 0.50625 0.0765625 0.0453125