2 0.259375 0.3 0.51875 0.6
3 0.17890625 0.1328125 0.3234375 0.240625
3 0.3734375 0.34921875 0.2484375 0.2375
7 0.096875 0.21640625 0.19375 0.1984375
7 0.09609375 0.459375 0.1921875 0.28125
4 0.759375 0.2796875 0.48125 0.559375
2 0.15 0.84765625 0.203125 0.3046875
3 0.2875 0.62734375 0.209375 0.0546875
3 0.31953125 0.8859375 0.1765625 0.228125
3 0.4140625 0.8796875 0.184375 0.240625
7 0.371875 0.69296875 0.1921875 0.1671875
8 0.271875 0.671875 0.025 0.046875
8 0.18359375 0.9140625 0.0578125 0.05625
7 0.23671875 0.8171875 0.1625 0.2078125
1 0.46015625 0.66015625 0.1171875 0.1203125
4 0.75546875 0.878125 0.4734375 0.24375