1 0.58359375 0.4078125 0.1515625 0.0625
9 0.58046875 0.4203125 0.0734375 0.0375
3 0.46875 0.36796875 0.2125 0.1421875
3 0.42734375 0.2234375 0.3078125 0.1859375
1 0.29921875 0.35390625 0.2078125 0.1703125
9 0.28203125 0.3734375 0.084375 0.0890625
4 0.12265625 0.25 0.2359375 0.359375
4 0.109375 0.09765625 0.165625 0.1953125
3 0.79765625 0.18984375 0.2765625 0.2015625
3 0.84453125 0.35546875 0.2046875 0.1671875
1 0.709375 0.35703125 0.1 0.1640625
9 0.9796875 0.40078125 0.040625 0.0765625
1 0.95234375 0.37578125 0.0953125 0.1265625
2 0.33515625 0.6953125 0.6484375 0.5125
5 0.8296875 0.79921875 0.340625 0.4015625