4 0.328125 0.1828125 0.253125 0.365625
4 0.2140625 0.284375 0.428125 0.56875
1 0.04765625 0.42109375 0.0953125 0.2953125
3 0.42265625 0.28828125 0.1734375 0.5609375
9 0.634375 0.40390625 0.103125 0.1328125
9 0.76015625 0.21171875 0.096875 0.109375
9 0.85546875 0.17578125 0.084375 0.1109375
9 0.7828125 0.25703125 0.125 0.1109375
9 0.89921875 0.27109375 0.125 0.090625
9 0.96171875 0.271875 0.0765625 0.09375
9 0.7921875 0.34453125 0.1328125 0.0859375
9 0.75625 0.41875 0.125 0.13125
9 0.971875 0.40703125 0.05625 0.1046875
9 0.953125 0.49375 0.09375 0.134375
9 0.86015625 0.48515625 0.11875 0.1390625
9 0.684375 0.44609375 0.1171875 0.1390625
9 0.759375 0.5015625 0.103125 0.134375
9 0.903125 0.40703125 0.128125 0.103125
1 0.2546875 0.853125 0.509375 0.29375
6 0.7421875 0.73046875 0.303125 0.3234375