0 0.09921875 0.078125 0.1328125 0.0515625
0 0.153125 0.1453125 0.13125 0.0890625
0 0.2078125 0.2375 0.11875 0.1515625
3 0.8265625 0.36796875 0.25 0.2640625
3 0.62109375 0.26484375 0.2203125 0.2875
1 0.41484375 0.121875 0.2109375 0.24375
1 0.56328125 0.1203125 0.2171875 0.240625
9 0.4 0.01796875 0.065625 0.0359375
9 0.5453125 0.02734375 0.084375 0.0546875
4 0.053125 0.75 0.10625 0.5
4 0.13828125 0.75234375 0.2421875 0.4953125
4 0.2515625 0.76484375 0.115625 0.4703125
2 0.70078125 0.75 0.5984375 0.5