1 0.59609375 0.2796875 0.1671875 0.34375
9 0.659375 0.20078125 0.040625 0.0953125
3 0.40234375 0.16015625 0.3703125 0.2625
3 0.34140625 0.275 0.3859375 0.2640625
3 0.365625 0.51875 0.628125 0.371875
8 0.646875 0.5765625 0.065625 0.1
4 0.803125 0.3546875 0.246875 0.709375
4 0.88046875 0.365625 0.2390625 0.728125
4 0.06171875 0.86484375 0.1234375 0.2703125
4 0.10234375 0.88046875 0.2046875 0.2390625
4 0.16171875 0.8984375 0.1734375 0.203125
4 0.21328125 0.9109375 0.1609375 0.178125
4 0.26953125 0.92421875 0.1578125 0.1515625
4 0.33203125 0.934375 0.1546875 0.13125
4 0.37421875 0.9453125 0.1296875 0.109375
3 0.83984375 0.86484375 0.3203125 0.2703125