1 0.26953125 0.15078125 0.2890625 0.3015625
3 0.496875 0.1359375 0.24375 0.271875
3 0.33125 0.34453125 0.425 0.3109375
7 0.190625 0.3328125 0.38125 0.334375
7 0.13515625 0.034375 0.2671875 0.06875
4 0.096875 0.12890625 0.19375 0.2578125
9 0.26171875 0.1421875 0.1078125 0.128125
2 0.85703125 0.15234375 0.2859375 0.3046875
5 0.2859375 0.75 0.571875 0.5
0 0.7671875 0.54453125 0.24375 0.0890625
0 0.95859375 0.58125 0.0828125 0.1625
0 0.9140625 0.603125 0.153125 0.20625
0 0.86875 0.65546875 0.1265625 0.2671875
0 0.80390625 0.72890625 0.1703125 0.334375
0 0.709375 0.62578125 0.18125 0.2515625