1 0.21484375 0.09765625 0.4296875 0.1953125
4 0.825 0.16484375 0.33125 0.3296875
3 0.4796875 0.240625 0.1 0.178125
3 0.6515625 0.24296875 0.2375 0.1734375
1 0.51171875 0.1328125 0.1640625 0.265625
9 0.4515625 0.0515625 0.04375 0.0875
7 0.91015625 0.19765625 0.1796875 0.2640625
7 0.63828125 0.09921875 0.2421875 0.1984375
8 0.35234375 0.76953125 0.1546875 0.1609375
8 0.18125 0.37109375 0.175 0.0828125
7 0.16953125 0.634375 0.3390625 0.609375
7 0.37734375 0.7484375 0.1046875 0.365625
7 0.29296875 0.86640625 0.2734375 0.2671875
0 0.8515625 0.54921875 0.296875 0.4390625
0 0.74609375 0.653125 0.228125 0.415625
0 0.63203125 0.4296875 0.1828125 0.2
0 0.55625 0.75625 0.253125 0.4875
0 0.50078125 0.43046875 0.1421875 0.2015625