7 0.14765625 0.2765625 0.2953125 0.384375
8 0.15 0.06953125 0.096875 0.0640625
8 0.02109375 0.20703125 0.0421875 0.1171875
3 0.865625 0.21015625 0.26875 0.4203125
3 0.603125 0.234375 0.365625 0.46875
3 0.41875 0.234375 0.1 0.46875
5 0.184375 0.734375 0.36875 0.53125
7 0.8921875 0.5609375 0.215625 0.184375
7 0.61484375 0.8390625 0.1953125 0.321875
8 0.53359375 0.69140625 0.0671875 0.05
1 0.49921875 0.51796875 0.1828125 0.0984375
3 0.70703125 0.55390625 0.1921875 0.1703125
3 0.65390625 0.6625 0.2625 0.221875
3 0.45 0.70078125 0.1625 0.4640625
8 0.44765625 0.8609375 0.084375 0.06875