1 0.1171875 0.1171875 0.234375 0.234375
1 0.13359375 0.25625 0.2671875 0.334375
9 0.14375 0.03359375 0.121875 0.0671875
9 0.128125 0.19609375 0.1203125 0.0859375
2 0.48671875 0.1609375 0.2546875 0.26875
2 0.740625 0.234375 0.325 0.3921875
2 0.8796875 0.3234375 0.240625 0.290625
2 0.9484375 0.2609375 0.103125 0.415625
2 0.49765625 0.309375 0.2765625 0.31875
2 0.77734375 0.41171875 0.4453125 0.1140625
4 0.04609375 0.734375 0.0921875 0.53125
4 0.115625 0.734375 0.23125 0.53125
4 0.24375 0.77734375 0.23125 0.4453125
4 0.31328125 0.7375 0.0921875 0.525
7 0.56171875 0.5671875 0.4046875 0.196875
8 0.76484375 0.6015625 0.059375 0.084375