7 0.1984375 0.259375 0.225 0.28125
7 0.19296875 0.375 0.0953125 0.05
7 0.26328125 0.3765625 0.0859375 0.046875
7 0.33515625 0.3578125 0.1171875 0.084375
7 0.35625 0.26875 0.153125 0.19375
8 0.39296875 0.18359375 0.053125 0.0578125
8 0.359375 0.321875 0.0515625 0.05625
8 0.27734375 0.353125 0.0578125 0.0640625
8 0.19921875 0.34765625 0.05 0.0515625
8 0.2140625 0.146875 0.08125 0.08125
5 0.85859375 0.1171875 0.2828125 0.234375
5 0.84296875 0.28359375 0.3140625 0.2328125
5 0.69921875 0.196875 0.2609375 0.39375
5 0.284375 0.7 0.56875 0.6
5 0.784375 0.7 0.43125 0.6