6 0.3875 0.271875 0.225 0.515625
6 0.2125 0.42109375 0.278125 0.2171875
8 0.98125 0.1953125 0.0375 0.05
8 0.759375 0.1890625 0.046875 0.0484375
8 0.67578125 0.20078125 0.053125 0.053125
8 0.603125 0.44609375 0.0640625 0.0703125
8 0.88984375 0.5046875 0.0703125 0.05
7 0.93984375 0.30078125 0.1203125 0.2140625
7 0.746875 0.3015625 0.1078125 0.2140625
7 0.65703125 0.30625 0.109375 0.2046875
7 0.59453125 0.4796875 0.1265625 0.1
4 0.36171875 0.78828125 0.2765625 0.4234375
4 0.2625 0.78125 0.234375 0.4375
3 0.40234375 0.7109375 0.1953125 0.3625
3 0.80859375 0.7828125 0.3828125 0.434375
8 0.8515625 0.6359375 0.0953125 0.059375