0 0.04609375 0.2046875 0.0921875 0.096875
0 0.021875 0.2609375 0.04375 0.09375
0 0.11640625 0.3734375 0.1640625 0.253125
0 0.03515625 0.41484375 0.0703125 0.0828125
7 0.84375 0.40703125 0.3125 0.1859375
7 0.87265625 0.27265625 0.2546875 0.4390625
7 0.60703125 0.14609375 0.3140625 0.2921875
7 0.55546875 0.18515625 0.2109375 0.3703125
7 0.5921875 0.315625 0.284375 0.36875
7 0.57578125 0.40390625 0.2515625 0.1921875
7 0.775 0.22734375 0.3046875 0.3890625
4 0.075 0.84609375 0.15 0.3078125
4 0.159375 0.8796875 0.228125 0.240625
4 0.26796875 0.93359375 0.1921875 0.1328125
1 0.83359375 0.7265625 0.3328125 0.453125
9 0.94140625 0.5703125 0.1171875 0.140625