7 0.08515625 0.4171875 0.1578125 0.265625
8 0.05 0.27890625 0.0640625 0.0453125
4 0.35546875 0.071875 0.1265625 0.14375
7 0.184375 0.0234375 0.15 0.046875
1 0.0765625 0.07421875 0.153125 0.1484375
9 0.059375 0.01953125 0.05625 0.0390625
3 0.2640625 0.1359375 0.1640625 0.2640625
3 0.17265625 0.2796875 0.24375 0.196875
8 0.85546875 0.07734375 0.0484375 0.0671875
8 0.89453125 0.10390625 0.0578125 0.046875
8 0.42578125 0.1296875 0.0140625 0.078125
7 0.8234375 0.31171875 0.209375 0.3953125
7 0.59375 0.19765625 0.35 0.1859375
7 0.57890625 0.3203125 0.3203125 0.20625
7 0.6296875 0.0671875 0.421875 0.134375
5 0.24453125 0.8078125 0.3484375 0.384375
7 0.934375 0.84921875 0.13125 0.2203125
7 0.94453125 0.946875 0.1109375 0.10625
7 0.82734375 0.90546875 0.1421875 0.1890625
7 0.9578125 0.653125 0.084375 0.20625
7 0.596875 0.775 0.353125 0.45
8 0.9703125 0.7171875 0.059375 0.05625
8 0.853125 0.80234375 0.078125 0.0671875