7 0.35234375 0.05859375 0.1546875 0.1171875
1 0.2046875 0.07734375 0.225 0.1546875
3 0.1609375 0.13046875 0.2 0.2609375
3 0.35234375 0.159375 0.1546875 0.228125
1 0.2890625 0.334375 0.28125 0.23125
0 0.8875 0.24375 0.19375 0.3515625
0 0.4953125 0.1453125 0.13125 0.290625
0 0.7640625 0.23125 0.1375 0.265625
0 0.6625 0.18046875 0.165625 0.33125
0 0.5109375 0.40546875 0.1625 0.3078125
0 0.528125 0.48203125 0.196875 0.1546875
0 0.609375 0.49140625 0.340625 0.1359375
1 0.25390625 0.80390625 0.3515625 0.3921875
9 0.34140625 0.7796875 0.1265625 0.1734375
2 0.71484375 0.81328125 0.5703125 0.3734375