2 0.234375 0.1796875 0.46875 0.359375
2 0.09140625 0.1796875 0.1828125 0.359375
2 0.74296875 0.1625 0.5140625 0.325
8 0.4171875 0.52265625 0.0359375 0.0453125
8 0.36953125 0.5671875 0.046875 0.0484375
8 0.09921875 0.68984375 0.09375 0.0734375
4 0.06875 0.73828125 0.1375 0.5234375
4 0.340625 0.79140625 0.1875 0.3875
1 0.19921875 0.94453125 0.2015625 0.1109375
3 0.234375 0.95859375 0.46875 0.0828125
7 0.12578125 0.83125 0.178125 0.2671875
7 0.41640625 0.7578125 0.1046875 0.4125
8 0.92734375 0.409375 0.0734375 0.0546875
7 0.93046875 0.71171875 0.1390625 0.5609375
7 0.62265625 0.8109375 0.1546875 0.2421875
8 0.59609375 0.67265625 0.059375 0.0484375
4 0.828125 0.76171875 0.1609375 0.3390625
4 0.525 0.740625 0.1125 0.403125
3 0.84140625 0.9265625 0.3171875 0.146875
3 0.60859375 0.93984375 0.2796875 0.1203125
8 0.640625 0.9328125 0.096875 0.0921875