3 0.35 0.3703125 0.171875 0.196875
7 0.509375 0.31015625 0.28125 0.3171875
7 0.2390625 0.1328125 0.315625 0.265625
4 0.209375 0.22109375 0.275 0.4203125
4 0.565625 0.1421875 0.16875 0.284375
4 0.825 0.159375 0.35 0.31875
4 0.2359375 0.73671875 0.15625 0.3875
7 0.37109375 0.70234375 0.2015625 0.4671875
8 0.4078125 0.48828125 0.06875 0.0390625
1 0.31328125 0.8515625 0.1921875 0.2609375
4 0.59609375 0.746875 0.1078125 0.50625
7 0.45625 0.91953125 0.16875 0.159375
8 0.49453125 0.93203125 0.0921875 0.0890625
2 0.825 0.734375 0.35 0.53125