1 0.290625 0.09453125 0.35 0.1890625
7 0.2015625 0.1890625 0.403125 0.378125
8 0.48359375 0.03828125 0.0921875 0.071875
8 0.39453125 0.2921875 0.0765625 0.0921875
9 0.8015625 0.08359375 0.24375 0.1671875
3 0.125 0.55546875 0.25 0.2078125
3 0.1078125 0.8375 0.215625 0.30625
1 0.46796875 0.58203125 0.4234375 0.3046875
9 0.30859375 0.60390625 0.046875 0.0671875
7 0.42890625 0.85078125 0.5015625 0.2984375
8 0.1703125 0.89140625 0.08125 0.1265625
7 0.83125 0.884375 0.303125 0.23125
7 0.73359375 0.67421875 0.1078125 0.3203125
7 0.890625 0.67578125 0.178125 0.29375
7 0.79453125 0.6359375 0.146875 0.28125
8 0.77734375 0.46953125 0.0640625 0.0515625
8 0.7 0.509375 0.040625 0.0625
8 0.9703125 0.83671875 0.059375 0.0890625
8 0.88203125 0.51640625 0.0890625 0.075