7 0.10078125 0.3640625 0.2015625 0.409375
8 0.0328125 0.15 0.065625 0.1125
7 0.60703125 0.08828125 0.6765625 0.1765625
8 0.7984375 0.16875 0.0796875 0.125
8 0.86796875 0.36484375 0.096875 0.1390625
8 0.97421875 0.53046875 0.0515625 0.0765625
7 0.5546875 0.22265625 0.4484375 0.309375
7 0.63046875 0.4171875 0.5109375 0.303125
7 0.7125 0.5234375 0.575 0.090625
0 0.0890625 0.65390625 0.178125 0.1703125
8 0.7640625 0.60234375 0.165625 0.0671875
8 0.2828125 0.82734375 0.046875 0.0703125
8 0.5328125 0.92421875 0.0890625 0.0859375
7 0.775 0.784375 0.45 0.43125
7 0.565625 0.9640625 0.1875 0.071875
7 0.3375 0.91015625 0.15625 0.1796875
7 0.32890625 0.746875 0.1390625 0.33125
7 0.28125 0.89609375 0.04375 0.2078125