4 0.33046875 0.1765625 0.2734375 0.353125
7 0.30390625 0.26875 0.4109375 0.38125
7 0.13125 0.21640625 0.10625 0.2140625
8 0.40859375 0.0578125 0.146875 0.115625
6 0.6 0.2296875 0.18125 0.459375
6 0.77578125 0.2296875 0.4484375 0.459375
6 0.696875 0.24140625 0.375 0.4359375
6 0.5984375 0.31171875 0.178125 0.2953125
7 0.31796875 0.721875 0.3828125 0.36875
4 0.4609375 0.5546875 0.096875 0.190625
4 0.25625 0.53828125 0.3375 0.1578125
1 0.0640625 0.6265625 0.128125 0.334375
9 0.0734375 0.83515625 0.1265625 0.1015625
1 0.16796875 0.85 0.3359375 0.3
8 0.1171875 0.6703125 0.10625 0.1390625
6 0.82109375 0.7296875 0.3578125 0.540625
6 0.68984375 0.7296875 0.3609375 0.540625