7 0.471875 0.06328125 0.284375 0.1265625
4 0.0953125 0.15 0.190625 0.3
7 0.90703125 0.19921875 0.1578125 0.2015625
1 0.89375 0.03046875 0.18125 0.0609375
8 0.909375 0.0796875 0.0734375 0.04375
4 0.76015625 0.09375 0.1484375 0.1875
4 0.734375 0.2046875 0.190625 0.190625
7 0.11875 0.51484375 0.2375 0.4296875
7 0.28046875 0.92890625 0.2109375 0.1421875
8 0.23125 0.7375 0.1015625 0.096875
8 0.2578125 0.8296875 0.0984375 0.0640625
1 0.3828125 0.475 0.2515625 0.3
1 0.4375 0.853125 0.240625 0.234375
9 0.378125 0.50625 0.071875 0.115625
9 0.415625 0.8125 0.0578125 0.0828125
4 0.07734375 0.9171875 0.1546875 0.165625
1 0.82265625 0.66171875 0.3546875 0.4703125
9 0.8078125 0.63125 0.20625 0.1390625