6 0.2609375 0.159375 0.521875 0.31875
6 0.13671875 0.1421875 0.2734375 0.284375
6 0.8125 0.159375 0.325 0.31875
9 0.621875 0.828125 0.05625 0.128125
9 0.56640625 0.615625 0.09375 0.1046875
9 0.484375 0.56171875 0.0796875 0.10625
9 0.534375 0.6546875 0.1203125 0.10625
9 0.42109375 0.64296875 0.1234375 0.0859375
9 0.33515625 0.62265625 0.1265625 0.090625
9 0.22734375 0.64765625 0.1203125 0.109375
9 0.14609375 0.596875 0.125 0.1015625
9 0.13203125 0.671875 0.1328125 0.10625
9 0.50703125 0.73515625 0.1296875 0.0828125
9 0.525 0.8140625 0.11875 0.1265625
9 0.11953125 0.8609375 0.1453125 0.1015625
9 0.234375 0.7296875 0.121875 0.1125
9 0.28671875 0.74765625 0.1203125 0.1015625
9 0.30390625 0.8390625 0.121875 0.13125
9 0.409375 0.85546875 0.1140625 0.1359375
9 0.58828125 0.85703125 0.1109375 0.1359375
9 0.50078125 0.89453125 0.1 0.1328125
9 0.38671875 0.77109375 0.125 0.1
5 0.825 0.615625 0.35 0.59375