7 0.4546875 0.33125 0.13125 0.06875
7 0.425 0.4265625 0.1296875 0.08125
1 0.515625 0.4 0.0546875 0.109375
8 0.365625 0.371875 0.028125 0.0234375
8 0.5234375 0.2921875 0.0234375 0.028125
2 0.33515625 0.3 0.5484375 0.6
7 0.71640625 0.45234375 0.2140625 0.2953125
7 0.89609375 0.28984375 0.2078125 0.2484375
8 0.81875 0.2203125 0.0453125 0.08125
8 0.98984375 0.06953125 0.0203125 0.0703125
3 0.878125 0.08203125 0.24375 0.1640625
3 0.8390625 0.528125 0.23125 0.14375
2 0.3046875 0.8328125 0.609375 0.334375
2 0.8046875 0.8 0.390625 0.4