7 0.1796875 0.16328125 0.359375 0.3265625
7 0.3265625 0.14375 0.065625 0.2875
7 0.1796875 0.35859375 0.359375 0.3578125
1 0.83828125 0.2015625 0.3234375 0.403125
9 0.8140625 0.1046875 0.140625 0.1703125
7 0.13984375 0.94296875 0.2796875 0.1140625
7 0.1203125 0.70859375 0.225 0.2984375
4 0.16015625 0.665625 0.2859375 0.2125
4 0.15546875 0.86015625 0.3109375 0.2796875
3 0.0546875 0.85 0.109375 0.234375
1 0.03515625 0.6765625 0.0703125 0.234375
9 0.009375 0.57578125 0.01875 0.0328125
5 0.6796875 0.68359375 0.640625 0.2484375