1 0.4171875 0.4734375 0.14375 0.153125
7 0.121875 0.490625 0.24375 0.11875
7 0.4 0.08359375 0.178125 0.1671875
7 0.2359375 0.22578125 0.1921875 0.35625
8 0.22734375 0.025 0.0828125 0.05
4 0.2515625 0.15703125 0.225 0.3140625
4 0.1703125 0.4140625 0.340625 0.271875
3 0.34296875 0.44609375 0.2921875 0.2078125
3 0.44140625 0.23828125 0.0953125 0.3015625
3 0.4640625 0.2796875 0.05 0.3
1 0.384375 0.2515625 0.1703125 0.2609375
9 0.3921875 0.15859375 0.046875 0.04375
9 0.69765625 0.2609375 0.375 0.240625
1 0.75078125 0.775 0.4984375 0.45