1 0.378125 0.26796875 0.2625 0.2859375
7 0.24921875 0.12734375 0.2453125 0.2546875
4 0.14375 0.209375 0.2875 0.41875
7 0.20078125 0.43046875 0.4015625 0.2984375
3 0.41484375 0.08984375 0.1890625 0.1796875
3 0.36953125 0.43515625 0.2796875 0.2890625
9 0.35234375 0.27578125 0.103125 0.1
1 0.7546875 0.42890625 0.490625 0.3015625
3 0.81953125 0.10703125 0.3609375 0.2140625
8 0.88515625 0.053125 0.2296875 0.10625
5 0.2546875 0.78984375 0.509375 0.4203125
7 0.66953125 0.6390625 0.2140625 0.11875
7 0.87578125 0.72734375 0.1140625 0.2953125
3 0.590625 0.82265625 0.1625 0.2453125
3 0.78359375 0.76953125 0.1796875 0.284375
1 0.571875 0.68828125 0.125 0.2171875
1 0.5265625 0.6171875 0.034375 0.075
1 0.8203125 0.92265625 0.278125 0.1546875