9 0.51171875 0.30390625 0.0140625 0.0859375
7 0.3125 0.225 0.19375 0.209375
7 0.14140625 0.08125 0.2828125 0.1625
4 0.18515625 0.18203125 0.3703125 0.3640625
4 0.3375 0.33828125 0.259375 0.3421875
1 0.4734375 0.30078125 0.090625 0.2703125
3 0.91015625 0.29296875 0.1796875 0.4328125
3 0.759375 0.2859375 0.18125 0.446875
3 0.61796875 0.2875 0.1984375 0.44375
3 0.55234375 0.240625 0.0671875 0.4375
7 0.47578125 0.7375 0.0859375 0.234375
8 0.3828125 0.54375 0.096875 0.06875
8 0.403125 0.7296875 0.0984375 0.125
8 0.371875 0.94921875 0.109375 0.1015625
7 0.92734375 0.7046875 0.1453125 0.19375
7 0.90078125 0.878125 0.1984375 0.24375
8 0.8921875 0.76015625 0.1125 0.115625
4 0.715625 0.72890625 0.20625 0.3140625
4 0.7625 0.8640625 0.303125 0.271875