1 0.35234375 0.190625 0.2484375 0.3328125
9 0.334375 0.0953125 0.071875 0.08125
7 0.39609375 0.3375 0.3859375 0.2625
4 0.16875 0.24453125 0.3375 0.4484375
4 0.03515625 0.2328125 0.0703125 0.465625
5 0.79453125 0.07265625 0.4109375 0.1453125
8 0.9640625 0.0265625 0.0375 0.053125
3 0.71171875 0.1015625 0.1484375 0.178125
3 0.734375 0.24375 0.14375 0.1578125
8 0.99375 0.31796875 0.0125 0.0640625
4 0.06171875 0.67421875 0.1234375 0.4109375
4 0.28359375 0.7 0.4171875 0.4625
7 0.4640625 0.68203125 0.25 0.4265625
7 0.171875 0.91953125 0.34375 0.1609375
1 0.49296875 0.90546875 0.1921875 0.1890625
9 0.56328125 0.93203125 0.0515625 0.1359375
6 0.821875 0.734375 0.35625 0.53125