2 0.234375 0.24453125 0.46875 0.4890625
7 0.19453125 0.3734375 0.3796875 0.23125
3 0.3671875 0.1546875 0.203125 0.25
3 0.13984375 0.18828125 0.196875 0.2921875
1 0.24921875 0.234375 0.1953125 0.215625
9 0.22578125 0.29453125 0.046875 0.0359375
5 0.734375 0.24453125 0.53125 0.4890625
9 0.16875 0.8421875 0.0921875 0.075
1 0.1734375 0.85625 0.346875 0.2875
0 0.5375 0.7625 0.1375 0.29375
0 0.6875 0.8296875 0.30625 0.275
0 0.71640625 0.66796875 0.265625 0.2390625
0 0.825 0.68984375 0.284375 0.2265625