0 0.33046875 0.30703125 0.1765625 0.1828125
0 0.2578125 0.28984375 0.190625 0.1890625
0 0.065625 0.375 0.1 0.25
0 0.215625 0.43046875 0.2328125 0.2296875
7 0.72890625 0.1453125 0.4546875 0.290625
4 0.8765625 0.2328125 0.246875 0.465625
1 0.5625 0.20390625 0.2875 0.4078125
1 0.5484375 0.4640625 0.259375 0.290625
9 0.5796875 0.09140625 0.1375 0.078125
9 0.46796875 0.428125 0.0984375 0.11875
7 0.79921875 0.496875 0.3578125 0.225
8 0.62890625 0.40234375 0.121875 0.1453125
6 0.209375 0.91015625 0.41875 0.1796875
6 0.74609375 0.8046875 0.5078125 0.390625