7 0.1359375 0.21484375 0.271875 0.3078125
1 0.38359375 0.08671875 0.2828125 0.1734375
1 0.34921875 0.2640625 0.2484375 0.209375
4 0.1453125 0.075 0.228125 0.15
9 0.37109375 0.01953125 0.1015625 0.0390625
9 0.39140625 0.26953125 0.0734375 0.078125
8 0.27578125 0.15 0.096875 0.0921875
6 0.81484375 0.184375 0.3703125 0.36875
7 0.515625 0.51796875 0.228125 0.2984375
4 0.31171875 0.4984375 0.3546875 0.259375
7 0.221875 0.68203125 0.284375 0.3046875
1 0.475 0.84609375 0.309375 0.3078125
1 0.275 0.83984375 0.403125 0.3203125
8 0.37421875 0.6890625 0.0875 0.103125
9 0.35078125 0.828125 0.1203125 0.1046875
7 0.81484375 0.67421875 0.3703125 0.6109375