7 0.1125 0.1296875 0.225 0.259375
3 0.321875 0.07890625 0.221875 0.1578125
3 0.38515625 0.1421875 0.1671875 0.25
6 0.53359375 0.2828125 0.1296875 0.325
6 0.6953125 0.2859375 0.3640625 0.3609375
6 0.6734375 0.39140625 0.409375 0.2546875
1 0.14765625 0.77734375 0.2953125 0.4453125
1 0.33515625 0.69296875 0.2671875 0.3484375
9 0.1140625 0.8015625 0.228125 0.221875
7 0.73984375 0.846875 0.5203125 0.30625
1 0.740625 0.68125 0.4 0.325
8 0.49375 0.553125 0.05 0.06875
9 0.8328125 0.55625 0.0640625 0.0515625