2 0.24453125 0.175 0.4890625 0.35
9 0.9375 0.15546875 0.125 0.2140625
9 0.7859375 0.11640625 0.171875 0.2203125
9 0.6109375 0.1 0.184375 0.2
9 0.69453125 0.28515625 0.2203125 0.1296875
0 0.41875 0.65390625 0.140625 0.0609375
0 0.41875 0.71328125 0.140625 0.0734375
0 0.40703125 0.78984375 0.1640625 0.0671875
0 0.40625 0.86015625 0.165625 0.0828125
0 0.40390625 0.9546875 0.1703125 0.0875
0 0.16796875 0.68203125 0.2265625 0.075
0 0.15703125 0.76953125 0.2359375 0.075
0 0.140625 0.8234375 0.240625 0.0796875
6 0.8921875 0.5453125 0.215625 0.390625