7 0.10390625 0.3953125 0.2078125 0.36875
1 0.24296875 0.24375 0.23125 0.3453125
1 0.1046875 0.12421875 0.209375 0.2484375
8 0.0828125 0.21640625 0.0984375 0.0859375
9 0.2359375 0.14296875 0.0640625 0.071875
9 0.040625 0.02109375 0.08125 0.0421875
6 0.68671875 0.2953125 0.5734375 0.56875
7 0.15625 0.6765625 0.3125 0.19375
4 0.04921875 0.7625 0.0984375 0.365625
1 0.253125 0.7203125 0.29375 0.28125
1 0.2796875 0.878125 0.240625 0.24375
9 0.22890625 0.59296875 0.1265625 0.0265625
9 0.3546875 0.86328125 0.090625 0.1140625
7 0.128125 0.91953125 0.25625 0.1609375
8 0.209375 0.85390625 0.1203125 0.1390625
7 0.8359375 0.78359375 0.328125 0.4078125
4 0.63828125 0.690625 0.2859375 0.221875
4 0.63984375 0.7578125 0.2578125 0.35625
7 0.49765625 0.7 0.1953125 0.240625
1 0.53515625 0.88203125 0.2703125 0.2359375
9 0.53359375 0.8390625 0.0890625 0.084375
1 0.42109375 0.8828125 0.0421875 0.221875