6 0.26640625 0.16953125 0.4046875 0.3390625
6 0.25078125 0.25 0.4359375 0.31875
2 0.72578125 0.2046875 0.5140625 0.409375
5 0.234375 0.63671875 0.46875 0.4546875
7 0.77890625 0.76640625 0.3984375 0.4671875
7 0.559375 0.69453125 0.18125 0.2953125
7 0.50390625 0.88515625 0.0703125 0.2296875
7 0.54609375 0.92890625 0.1546875 0.1421875
7 0.6703125 0.9375 0.184375 0.125
8 0.56796875 0.53984375 0.0703125 0.0515625
8 0.49765625 0.7578125 0.0578125 0.0625
8 0.57109375 0.83359375 0.08125 0.071875
8 0.8453125 0.53125 0.11875 0.0734375
8 0.70703125 0.865625 0.0828125 0.0703125