1 0.690625 0.8640625 0.165625 0.2703125
9 0.68125 0.7453125 0.034375 0.0359375
4 0.459375 0.325 0.1546875 0.453125
4 0.80625 0.1953125 0.1359375 0.390625
3 0.8140625 0.5296875 0.121875 0.2765625
3 0.6015625 0.55625 0.1328125 0.2921875
1 0.8078125 0.403125 0.134375 0.225
7 0.7234375 0.275 0.1703125 0.340625
8 0.7453125 0.0625 0.0953125 0.0875
8 0.19375 0.790625 0.096875 0.0734375
7 0.2671875 0.4796875 0.284375 0.5515625
7 0.8375 0.8421875 0.0734375 0.315625
8 0.8484375 0.653125 0.0515625 0.0328125