0 0.37734375 0.38828125 0.1484375 0.1609375
0 0.28203125 0.5125 0.1671875 0.13125
0 0.27578125 0.54921875 0.1328125 0.0796875
1 0.81875 0.196875 0.240625 0.39375
1 0.61875 0.39453125 0.259375 0.3890625
3 0.7875 0.109375 0.234375 0.21875
3 0.578125 0.1296875 0.178125 0.259375
9 0.54765625 0.31953125 0.1171875 0.0921875
9 0.8296875 0.05703125 0.09375 0.059375
1 0.146875 0.6796875 0.29375 0.18125
7 0.8046875 0.771875 0.390625 0.234375
7 0.8703125 0.89765625 0.259375 0.1515625
8 0.834375 0.6375 0.06875 0.0734375