7 0.1765625 0.32890625 0.1625 0.178125
8 0.16640625 0.28515625 0.0890625 0.090625
8 0.28046875 0.07734375 0.078125 0.0828125
8 0.1953125 0.43828125 0.0796875 0.0890625
8 0.2796875 0.54921875 0.08125 0.0828125
8 0.5046875 0.30859375 0.134375 0.1359375
7 0.29140625 0.58046875 0.15 0.1625
7 0.203125 0.4703125 0.159375 0.15
7 0.284375 0.190625 0.234375 0.2984375
7 0.4328125 0.415625 0.3125 0.459375
3 0.7046875 0.15390625 0.2296875 0.1828125
3 0.86640625 0.4 0.2671875 0.46875
3 0.66640625 0.378125 0.1546875 0.403125
3 0.8203125 0.6765625 0.24375 0.084375
0 0.4171875 0.759375 0.11875 0.08125
7 0.7546875 0.90625 0.25625 0.1875
8 0.89296875 0.9203125 0.065625 0.10625
6 0.65703125 0.859375 0.1359375 0.28125