7 0.04375 0.290625 0.0875 0.4375
4 0.20546875 0.2546875 0.2484375 0.509375
4 0.04921875 0.30625 0.0984375 0.40625
8 0.97265625 0.0265625 0.0546875 0.053125
7 0.64765625 0.1234375 0.6359375 0.246875
1 0.16484375 0.621875 0.3296875 0.221875
9 0.21796875 0.54921875 0.0828125 0.0671875
9 0.25078125 0.92421875 0.1234375 0.1515625
1 0.16484375 0.9015625 0.3296875 0.196875
5 0.66484375 0.67734375 0.6703125 0.3359375
5 0.66953125 0.85234375 0.1359375 0.0953125
7 0.6765625 0.74296875 0.2125 0.1875
8 0.56328125 0.771875 0.028125 0.0515625
3 0.35625 0.81328125 0.053125 0.1515625
3 0.3578125 0.93984375 0.05625 0.1203125
3 0.73359375 0.87890625 0.3390625 0.2421875