6 0.25625 0.1296875 0.415625 0.259375
6 0.45859375 0.21484375 0.3015625 0.4296875
6 0.2484375 0.38359375 0.496875 0.4109375
4 0.75390625 0.2953125 0.2890625 0.5875
4 0.84375 0.315625 0.29375 0.546875
1 0.63125 0.10546875 0.04375 0.2109375
3 0.74453125 0.159375 0.2703125 0.31875
4 0.3140625 0.79453125 0.43125 0.4109375
4 0.46875 0.77421875 0.28125 0.3703125
3 0.3359375 0.6359375 0.35 0.09375
3 0.11171875 0.70625 0.2234375 0.21875
3 0.10234375 0.83984375 0.2046875 0.3203125
6 0.91015625 0.79453125 0.1796875 0.4109375