1 0.5953125 0.734375 0.2515625 0.2453125
9 0.5015625 0.8046875 0.0453125 0.0375
7 0.2421875 0.8171875 0.2328125 0.2859375
8 0.3578125 0.9453125 0.08125 0.084375
8 0.7 0.3 0.028125 0.053125
7 0.5390625 0.30625 0.2890625 0.1328125
7 0.33125 0.4609375 0.1546875 0.325
8 0.3046875 0.2609375 0.075 0.0625
4 0.3296875 0.2765625 0.171875 0.521875
4 0.28125 0.678125 0.3109375 0.3015625
3 0.45625 0.659375 0.275 0.1734375
3 0.6828125 0.44375 0.384375 0.25625
3 0.5953125 0.4890625 0.1140625 0.275
8 0.8640625 0.45625 0.0203125 0.065625
1 0.471875 0.4734375 0.1421875 0.2359375
9 0.471875 0.384375 0.040625 0.0390625