2 0.340625 0.08203125 0.68125 0.1640625
3 0.6140625 0.04140625 0.153125 0.0828125
5 0.3140625 0.203125 0.1 0.125
5 0.35546875 0.37265625 0.6015625 0.1921875
5 0.64296875 0.3609375 0.0921875 0.215625
6 0.875 0.234375 0.25 0.46875
7 0.12265625 0.92890625 0.1921875 0.1421875
1 0.18828125 0.8703125 0.2671875 0.259375
9 0.21640625 0.84140625 0.1015625 0.0703125
7 0.61328125 0.61875 0.2734375 0.3
4 0.41171875 0.7875 0.2046875 0.425
4 0.5671875 0.740625 0.365625 0.51875
7 0.903125 0.67421875 0.19375 0.4109375
1 0.86640625 0.79921875 0.2328125 0.4015625
9 0.86796875 0.71484375 0.128125 0.0640625
8 0.946875 0.9734375 0.10625 0.053125