2 0.32421875 0.2140625 0.6484375 0.428125
2 0.23359375 0.38984375 0.4671875 0.2578125
7 0.76640625 0.34140625 0.2328125 0.3546875
6 0.97265625 0.09375 0.0546875 0.1875
8 0.53515625 0.61796875 0.128125 0.0796875
8 0.30859375 0.81171875 0.05 0.0375
8 0.2765625 0.85078125 0.065625 0.0453125
8 0.14921875 0.8484375 0.0546875 0.0375
7 0.48125 0.821875 0.3375 0.35625
7 0.32890625 0.9140625 0.0796875 0.171875
7 0.28671875 0.93046875 0.1328125 0.1390625
7 0.1734375 0.93046875 0.13125 0.1390625
5 0.803125 0.759375 0.30625 0.48125