7 0.21328125 0.18828125 0.4265625 0.2765625
8 0.46015625 0.1828125 0.071875 0.128125
1 0.575 0.40390625 0.109375 0.2109375
1 0.42109375 0.378125 0.3515625 0.2625
9 0.4890625 0.3703125 0.1109375 0.075
3 0.8296875 0.26484375 0.1984375 0.1859375
3 0.8421875 0.38125 0.221875 0.16875
2 0.70703125 0.2578125 0.1546875 0.503125
8 0.47265625 0.5578125 0.1390625 0.096875
8 0.47265625 0.646875 0.14375 0.1171875
7 0.5453125 0.8109375 0.16875 0.378125
1 0.24375 0.54296875 0.365625 0.0671875
9 0.33125 0.77109375 0.1328125 0.16875
1 0.29921875 0.81796875 0.4953125 0.3640625
6 0.72890625 0.65703125 0.1984375 0.2953125
6 0.86484375 0.7546875 0.2703125 0.490625