9 0.19140625 0.04921875 0.0859375 0.0796875
1 0.16328125 0.096875 0.2046875 0.19375
1 0.0625 0.165625 0.125 0.228125
3 0.3296875 0.165625 0.21875 0.33125
8 0.3703125 0.12421875 0.1359375 0.128125
3 0.04140625 0.365625 0.0828125 0.14375
4 0.271875 0.41875 0.334375 0.153125
2 0.73984375 0.31484375 0.5203125 0.4484375
1 0.2171875 0.6515625 0.228125 0.225
9 0.23125 0.5625 0.084375 0.046875
3 0.3875 0.70859375 0.103125 0.3390625
3 0.28125 0.92734375 0.315625 0.1453125
8 0.41953125 0.57109375 0.0390625 0.0640625