7 0.203125 0.3640625 0.15625 0.5265625
7 0.56875 0.7828125 0.13125 0.34375
8 0.6171875 0.6046875 0.059375 0.0390625
4 0.2890625 0.3203125 0.2 0.2421875
4 0.6484375 0.1609375 0.1671875 0.3203125
7 0.50625 0.265625 0.134375 0.1984375
8 0.4984375 0.1453125 0.071875 0.078125
1 0.6109375 0.378125 0.146875 0.184375
9 0.625 0.33125 0.0515625 0.06875
3 0.4171875 0.45 0.1453125 0.2515625
3 0.496875 0.596875 0.228125 0.178125
3 0.740625 0.565625 0.1734375 0.4765625
8 0.7265625 0.7515625 0.0734375 0.0546875