7 0.41171875 0.0890625 0.3140625 0.178125
1 0.4171875 0.25234375 0.25625 0.2546875
9 0.40078125 0.21640625 0.0984375 0.090625
4 0.184375 0.11015625 0.196875 0.2203125
7 0.1421875 0.31015625 0.284375 0.2015625
8 0.25234375 0.30625 0.0640625 0.0953125
1 0.2203125 0.4765625 0.2265625 0.1875
9 0.2609375 0.4546875 0.071875 0.0578125
0 0.74140625 0.33046875 0.2421875 0.2828125
0 0.6390625 0.42734375 0.140625 0.3046875
9 0.3515625 0.86796875 0.1046875 0.0859375
9 0.2 0.740625 0.0734375 0.0515625
1 0.37890625 0.878125 0.2671875 0.24375
1 0.1609375 0.7625 0.221875 0.1953125
8 0.19453125 0.60390625 0.0453125 0.0484375
7 0.08828125 0.6421875 0.1765625 0.125
5 0.784375 0.78671875 0.43125 0.4140625