3 0.0890625 0.334375 0.165625 0.25
1 0.37421875 0.103125 0.2484375 0.20625
1 0.29296875 0.22421875 0.2203125 0.1921875
4 0.0734375 0.09453125 0.146875 0.1890625
9 0.390625 0.05859375 0.0734375 0.0859375
9 0.315625 0.203125 0.078125 0.0703125
1 0.8078125 0.25390625 0.359375 0.4109375
1 0.33359375 0.66484375 0.2671875 0.4109375
1 0.178125 0.61796875 0.253125 0.3171875
3 0.94375 0.56796875 0.1125 0.2171875
3 0.9390625 0.9078125 0.121875 0.184375
3 0.77265625 0.90234375 0.1515625 0.1953125
3 0.596875 0.69453125 0.134375 0.3796875
3 0.61875 0.91953125 0.178125 0.1609375
8 0.7859375 0.86953125 0.0453125 0.0578125
8 0.57421875 0.94609375 0.0890625 0.0859375
8 0.54453125 0.58359375 0.0296875 0.0703125