4 0.8234375 0.225 0.1015625 0.275
4 0.834375 0.4328125 0.0796875 0.3453125
9 0.746875 0.5421875 0.0859375 0.0796875
1 0.7109375 0.559375 0.2125 0.25
8 0.2203125 0.9703125 0.1 0.059375
8 0.3453125 0.9765625 0.071875 0.046875
8 0.2484375 0.24375 0.0453125 0.075
7 0.49375 0.2265625 0.4625 0.15625
7 0.38125 0.1 0.2046875 0.1984375
7 0.2078125 0.584375 0.1640625 0.6875
3 0.51875 0.6015625 0.1703125 0.2609375
3 0.490625 0.40625 0.30625 0.253125
3 0.56875 0.8015625 0.6125 0.396875
1 0.2984375 0.4625 0.1890625 0.34375