1 0.17109375 0.1578125 0.3421875 0.315625
9 0.2484375 0.134375 0.08125 0.15
3 0.73984375 0.10703125 0.1734375 0.2140625
3 0.53125 0.13984375 0.125 0.2796875
3 0.60859375 0.10625 0.1296875 0.2125
3 0.9109375 0.13828125 0.178125 0.2765625
3 0.6390625 0.3453125 0.2265625 0.2828125
3 0.78203125 0.37265625 0.3046875 0.3546875
3 0.5203125 0.24609375 0.103125 0.2453125
3 0.8640625 0.16875 0.1296875 0.178125
4 0.41171875 0.79296875 0.1140625 0.4140625
4 0.2796875 0.78828125 0.159375 0.4234375
4 0.0953125 0.796875 0.15625 0.40625
2 0.68125 0.6484375 0.234375 0.178125