2 0.1890625 0.30546875 0.20625 0.3671875
8 0.37265625 0.46171875 0.0515625 0.0546875
7 0.41328125 0.390625 0.1328125 0.196875
8 0.48828125 0.0484375 0.0171875 0.028125
7 0.5109375 0.27578125 0.0625 0.4265625
7 0.6546875 0.24453125 0.25625 0.4890625
4 0.921875 0.2953125 0.15625 0.3875
0 0.45703125 0.54296875 0.0453125 0.1078125
0 0.27578125 0.56953125 0.1015625 0.14375
0 0.325 0.5703125 0.128125 0.1625
0 0.32890625 0.67265625 0.16875 0.1234375
3 0.6578125 0.91484375 0.184375 0.1703125
7 0.84375 0.684375 0.2796875 0.253125
7 0.9328125 0.86484375 0.134375 0.2703125
8 0.73828125 0.75703125 0.0640625 0.078125
2 0.78046875 0.74453125 0.4390625 0.5109375