2 0.24296875 0.09453125 0.4859375 0.1890625
7 0.11015625 0.09453125 0.2203125 0.1890625
4 0.79453125 0.09453125 0.4109375 0.1890625
1 0.0859375 0.4515625 0.171875 0.25625
1 0.21328125 0.34296875 0.25 0.259375
1 0.08828125 0.75625 0.1765625 0.4875
1 0.22421875 0.63515625 0.3578125 0.49375
1 0.40703125 0.5109375 0.3375 0.4359375
9 0.03984375 0.39296875 0.0796875 0.0828125
9 0.19140625 0.28515625 0.09375 0.0765625
9 0.3921875 0.3765625 0.11875 0.1046875
9 0.171875 0.4890625 0.11875 0.0953125
7 0.7484375 0.64453125 0.31875 0.7109375
8 0.61953125 0.28515625 0.0609375 0.0734375
4 0.9109375 0.72265625 0.178125 0.4953125