3 0.05390625 0.153125 0.1078125 0.284375
1 0.2 0.134375 0.234375 0.26875
4 0.45078125 0.1078125 0.2953125 0.215625
9 0.23515625 0.13046875 0.096875 0.0875
1 0.24453125 0.33046875 0.3453125 0.1578125
6 0.74140625 0.2046875 0.2046875 0.409375
1 0.8953125 0.125 0.209375 0.2375
9 0.91875 0.1046875 0.090625 0.09375
4 0.91015625 0.28046875 0.1796875 0.2578125
6 0.34453125 0.540625 0.5890625 0.2625
6 0.3515625 0.778125 0.53125 0.44375
6 0.125 0.67109375 0.25 0.5234375
1 0.81953125 0.7046875 0.3609375 0.590625