7 0.19140625 0.203125 0.3296875 0.40625
7 0.265625 0.55625 0.346875 0.265625
8 0.19609375 0.0328125 0.1265625 0.065625
3 0.49453125 0.60390625 0.2703125 0.1703125
3 0.4140625 0.4921875 0.2890625 0.2
4 0.41484375 0.30546875 0.19375 0.28125
4 0.10234375 0.53203125 0.2046875 0.2828125
3 0.53125 0.37265625 0.196875 0.5015625
4 0.81484375 0.3546875 0.3703125 0.290625
2 0.31484375 0.84453125 0.6296875 0.3109375
7 0.13984375 0.9140625 0.2796875 0.171875
7 0.40703125 0.8375 0.325 0.2671875
8 0.109375 0.84765625 0.090625 0.0734375
8 0.55 0.92421875 0.0640625 0.0859375
2 0.81484375 0.84453125 0.3703125 0.3109375