0 0.09296875 0.2171875 0.1078125 0.2125
0 0.2046875 0.253125 0.084375 0.178125
0 0.32109375 0.2765625 0.1765625 0.140625
3 0.615625 0.175 0.4125 0.35
3 0.8859375 0.05546875 0.228125 0.1109375
3 0.94296875 0.13984375 0.1140625 0.2796875
1 0.8125 0.2296875 0.3 0.4078125
1 0.690625 0.41328125 0.3 0.3921875
9 0.6546875 0.32890625 0.1234375 0.090625
9 0.83125 0.18125 0.115625 0.109375
1 0.26796875 0.8046875 0.2828125 0.390625
7 0.62578125 0.690625 0.4328125 0.1625
7 0.7046875 0.8046875 0.590625 0.390625