8 0.21171875 0.478125 0.1109375 0.003125
8 0.3375 0.47421875 0.078125 0.0109375
7 0.13671875 0.23984375 0.2734375 0.4796875
3 0.359375 0.11953125 0.059375 0.2390625
3 0.2859375 0.2515625 0.20625 0.45625
1 0.1921875 0.09296875 0.253125 0.1859375
0 0.44453125 0.365625 0.1109375 0.228125
0 0.6359375 0.321875 0.090625 0.1921875
0 0.56015625 0.41875 0.1390625 0.121875
0 0.6640625 0.1875 0.121875 0.2171875
0 0.85390625 0.27890625 0.221875 0.2578125
2 0.19453125 0.73984375 0.3890625 0.5203125
2 0.69453125 0.70703125 0.6109375 0.4546875