4 0.49453125 0.1796875 0.4484375 0.359375
4 0.6203125 0.1796875 0.196875 0.359375
3 0.52109375 0.07734375 0.3796875 0.1546875
3 0.21953125 0.1875 0.3625 0.2328125
3 0.19140625 0.26640625 0.3828125 0.1859375
9 0.765625 0.10234375 0.09375 0.1859375
9 0.8796875 0.1390625 0.165625 0.1828125
9 0.97578125 0.1734375 0.0484375 0.184375
3 0.1828125 0.51796875 0.365625 0.3171875
3 0.54765625 0.77578125 0.20625 0.3328125
3 0.19921875 0.9140625 0.2078125 0.171875
1 0.0765625 0.64453125 0.153125 0.2359375
1 0.0859375 0.790625 0.171875 0.21875
4 0.36171875 0.615625 0.225 0.465625
9 0.028125 0.596875 0.05625 0.09375
9 0.03984375 0.76171875 0.0796875 0.0796875
8 0.16953125 0.378125 0.1265625 0.0375
3 0.89296875 0.48125 0.2140625 0.24375
1 0.89453125 0.70390625 0.2109375 0.4953125