5 0.396875 0.14375 0.34375 0.2875
5 0.284375 0.3265625 0.56875 0.30625
2 0.05234375 0.1109375 0.1046875 0.11875
7 0.10625 0.43359375 0.18125 0.0921875
8 0.05078125 0.40625 0.046875 0.034375
5 0.0203125 0.3875 0.040625 0.08125
6 0.75078125 0.23984375 0.3640625 0.4796875
7 0.090625 0.6484375 0.18125 0.30625
1 0.403125 0.73984375 0.33125 0.5203125
1 0.19453125 0.79921875 0.3890625 0.4015625
8 0.17890625 0.584375 0.0890625 0.1046875
9 0.2234375 0.7203125 0.1203125 0.1046875
9 0.4 0.90078125 0.0734375 0.1015625
6 0.78359375 0.73984375 0.4296875 0.5203125