7 0.359375 0.309375 0.28125 0.41875
7 0.12578125 0.29140625 0.1609375 0.3359375
7 0.11640625 0.425 0.1234375 0.1875
7 0.21796875 0.44765625 0.1078125 0.1421875
7 0.35703125 0.440625 0.1265625 0.15625
8 0.11640625 0.10390625 0.0671875 0.0578125
8 0.1140625 0.31328125 0.0640625 0.065625
8 0.22890625 0.3609375 0.0703125 0.0671875
8 0.3625 0.34140625 0.08125 0.0609375
8 0.38125 0.05546875 0.1046875 0.0859375
1 0.6734375 0.215625 0.346875 0.43125
9 0.7359375 0.15703125 0.1203125 0.125
5 0.07734375 0.7359375 0.1546875 0.184375
1 0.8171875 0.759375 0.365625 0.48125