8 0.378125 0.546875 0.075 0.04375
1 0.121875 0.26171875 0.203125 0.178125
9 0.07265625 0.278125 0.0640625 0.0765625
3 0.23671875 0.29765625 0.2375 0.1734375
3 0.23125 0.446875 0.4625 0.24375
3 0.309375 0.11953125 0.2734375 0.159375
7 0.0953125 0.11875 0.1578125 0.1453125
4 0.19296875 0.03046875 0.3171875 0.0609375
4 0.04453125 0.22578125 0.08125 0.1234375
2 0.63984375 0.284375 0.3015625 0.56875
2 0.42890625 0.86171875 0.1203125 0.2765625
7 0.6171875 0.70703125 0.25625 0.2765625
7 0.67734375 0.8796875 0.3765625 0.1875
7 0.634375 0.96875 0.290625 0.0625
8 0.4953125 0.953125 0.0125 0.065625
8 0.87734375 0.93046875 0.0515625 0.0671875
8 0.91171875 0.95546875 0.0546875 0.0484375