3 0.278125 0.0515625 0.21875 0.103125
8 0.353125 0.028125 0.05 0.05625
8 0.025 0.321875 0.05 0.071875
8 0.19609375 0.0921875 0.040625 0.053125
7 0.0953125 0.24140625 0.190625 0.2234375
7 0.28671875 0.1609375 0.2125 0.2171875
1 0.42109375 0.16484375 0.1359375 0.1765625
3 0.1640625 0.37734375 0.221875 0.29375
3 0.271875 0.39609375 0.240625 0.2859375
9 0.92109375 0.125 0.1578125 0.246875
1 0.24453125 0.76953125 0.4890625 0.4609375
9 0.30390625 0.8515625 0.2796875 0.19375
1 0.74453125 0.871875 0.5109375 0.25625
9 0.70234375 0.90390625 0.1609375 0.1921875