2 0.13203125 0.2796875 0.2640625 0.559375
2 0.0546875 0.2796875 0.109375 0.559375
2 0.92421875 0.09140625 0.1515625 0.1828125
5 0.6421875 0.5015625 0.571875 0.115625
5 0.60859375 0.3765625 0.6046875 0.365625
3 0.8796875 0.065625 0.23125 0.13125
3 0.90546875 0.12578125 0.1890625 0.2140625
3 0.50546875 0.12734375 0.4109375 0.2546875
8 0.67265625 0.0953125 0.0390625 0.0515625
8 0.690625 0.25390625 0.040625 0.0609375
7 0.56953125 0.3171875 0.2578125 0.2375
1 0.753125 0.09140625 0.15 0.1828125
9 0.78359375 0.1359375 0.03125 0.04375
5 0.15 0.746875 0.3 0.375
5 0.65 0.73828125 0.7 0.3578125