4 0.5203125 0.09765625 0.21875 0.1953125
3 0.2109375 0.0609375 0.309375 0.121875
3 0.19609375 0.21328125 0.2203125 0.196875
1 0.0765625 0.27265625 0.153125 0.1703125
1 0.359375 0.16328125 0.2125 0.203125
9 0.08203125 0.27109375 0.065625 0.065625
9 0.37890625 0.18125 0.08125 0.0828125
4 0.67890625 0.184375 0.0984375 0.36875
4 0.8890625 0.184375 0.221875 0.36875
1 0.825 0.27734375 0.253125 0.1828125
9 0.79609375 0.22421875 0.0515625 0.021875
2 0.35703125 0.7875 0.5453125 0.425
1 0.6890625 0.8203125 0.11875 0.359375