7 0.17578125 0.24453125 0.3515625 0.4890625
7 0.384375 0.20625 0.15 0.271875
7 0.40390625 0.38984375 0.1109375 0.1984375
7 0.3265625 0.41640625 0.153125 0.1453125
7 0.203125 0.40703125 0.175 0.1640625
8 0.428125 0.065625 0.0625 0.046875
8 0.4328125 0.27734375 0.053125 0.0578125
8 0.34921875 0.32265625 0.075 0.065625
8 0.18984375 0.009375 0.1109375 0.01875
8 0.22109375 0.31328125 0.0765625 0.065625
2 0.7296875 0.2109375 0.540625 0.421875
2 0.2296875 0.728125 0.459375 0.478125
8 0.909375 0.7640625 0.0640625 0.05
8 0.88671875 0.73671875 0.0359375 0.0515625
8 0.53671875 0.715625 0.05 0.059375
8 0.49375 0.80703125 0.0453125 0.053125
7 0.646875 0.5578125 0.321875 0.1375
7 0.67890625 0.6671875 0.3859375 0.209375
7 0.61328125 0.884375 0.26875 0.1890625
7 0.82421875 0.88359375 0.2078125 0.2328125
7 0.678125 0.8015625 0.296875 0.184375