7 0.38046875 0.09921875 0.3171875 0.1984375
7 0.39296875 0.20859375 0.2921875 0.2953125
7 0.3765625 0.346875 0.325 0.321875
7 0.175 0.23203125 0.2875 0.4640625
8 0.17578125 0.0140625 0.0828125 0.028125
1 0.76953125 0.253125 0.4609375 0.50625
9 0.9796875 0.21953125 0.040625 0.1515625
7 0.1546875 0.73984375 0.190625 0.3015625
4 0.21328125 0.79453125 0.3015625 0.4109375
3 0.40625 0.71171875 0.265625 0.2453125
3 0.4640625 0.83515625 0.15 0.2921875
3 0.4203125 0.959375 0.2375 0.08125
8 0.3640625 0.78125 0.096875 0.1
1 0.35546875 0.8484375 0.19375 0.253125
7 0.29453125 0.88359375 0.2390625 0.2328125
5 0.80390625 0.721875 0.3921875 0.265625