8 0.46640625 0.0359375 0.05625 0.0421875
8 0.5109375 0.06796875 0.071875 0.05
8 0.63671875 0.03359375 0.0453125 0.0421875
7 0.2765625 0.234375 0.475 0.46875
7 0.478125 0.18203125 0.090625 0.2578125
7 0.5390625 0.24453125 0.1484375 0.3328125
7 0.6203125 0.1890625 0.078125 0.275
7 0.51640625 0.36640625 0.2859375 0.2046875
7 0.7828125 0.15703125 0.246875 0.3140625
7 0.8296875 0.3359375 0.340625 0.21875
7 0.85234375 0.41953125 0.2953125 0.0984375
8 0.69609375 0.4421875 0.0359375 0.053125
6 0.22265625 0.6078125 0.4453125 0.278125
6 0.42265625 0.65390625 0.4734375 0.3703125
6 0.3796875 0.85703125 0.559375 0.2859375
7 0.7640625 0.5171875 0.209375 0.096875
7 0.88515625 0.675 0.228125 0.359375
7 0.7375 0.6203125 0.15625 0.190625
7 0.73046875 0.74296875 0.1421875 0.1890625
8 0.88515625 0.48046875 0.0546875 0.0234375
8 0.928125 0.484375 0.05625 0.03125