8 0.34375 0.1453125 0.084375 0.1359375
8 0.23046875 0.36640625 0.0953125 0.1453125
7 0.55546875 0.04921875 0.2671875 0.0984375
7 0.51796875 0.20703125 0.3421875 0.3328125
7 0.4640625 0.35625 0.45 0.165625
5 0.84453125 0.23828125 0.3109375 0.4015625
0 0.5515625 0.64140625 0.18125 0.353125
0 0.1171875 0.5734375 0.178125 0.26875
0 0.425 0.63515625 0.1265625 0.265625
0 0.3171875 0.596875 0.153125 0.315625
0 0.12734375 0.83828125 0.2546875 0.3234375
0 0.171875 0.915625 0.25 0.16875
0 0.28984375 0.92265625 0.3265625 0.1546875