7 0.42734375 0.3 0.2453125 0.6
4 0.2890625 0.08203125 0.178125 0.1640625
4 0.25859375 0.265625 0.2109375 0.53125
7 0.121875 0.284375 0.184375 0.2859375
1 0.1109375 0.46796875 0.221875 0.2640625
9 0.09765625 0.39921875 0.1 0.0703125
6 0.7890625 0.42578125 0.421875 0.3484375
6 0.275 0.8 0.55 0.4
7 0.61875 0.6765625 0.1375 0.153125
8 0.83203125 0.65 0.1171875 0.1
8 0.721875 0.6546875 0.090625 0.109375
1 0.65703125 0.8 0.2140625 0.4
1 0.9484375 0.8 0.103125 0.4
9 0.59921875 0.70625 0.0984375 0.08125
9 0.9703125 0.715625 0.059375 0.1125