7 0.29921875 0.0703125 0.3015625 0.140625
7 0.06015625 0.21484375 0.1203125 0.2890625
4 0.34765625 0.30390625 0.2046875 0.1109375
1 0.725 0.22890625 0.55 0.2609375
5 0.215625 0.721875 0.43125 0.55625
7 0.171875 0.521875 0.1671875 0.175
8 0.1 0.46328125 0.0296875 0.0453125
8 0.1375 0.36796875 0.028125 0.0171875
3 0.2609375 0.44765625 0.328125 0.1765625
5 0.08203125 0.41875 0.0734375 0.0859375
1 0.078125 0.38515625 0.128125 0.0515625
9 0.05 0.37109375 0.028125 0.0234375
2 0.61640625 0.6796875 0.3328125 0.640625
2 0.675 0.83203125 0.45 0.3359375