4 0.2671875 0.35 0.275 0.7
3 0.07421875 0.35 0.1484375 0.7
4 0.515625 0.353125 0.19375 0.69375
4 0.6265625 0.35546875 0.240625 0.678125
4 0.79609375 0.33515625 0.1984375 0.64375
4 0.9296875 0.38125 0.140625 0.534375
1 0.209375 0.94296875 0.41875 0.1140625
4 0.4890625 0.88671875 0.140625 0.2265625
4 0.5765625 0.8734375 0.203125 0.253125
4 0.6453125 0.85546875 0.140625 0.2890625
4 0.72421875 0.85 0.1578125 0.3
4 0.79296875 0.85 0.1265625 0.3
4 0.86796875 0.85 0.1359375 0.3
4 0.9359375 0.85 0.11875 0.3
4 0.97265625 0.8375 0.0546875 0.275