3 0.234375 0.13671875 0.36875 0.2734375
3 0.3125 0.475 0.3109375 0.2375
3 0.5875 0.43671875 0.203125 0.2921875
1 0.1015625 0.28359375 0.203125 0.2078125
7 0.4875 0.178125 0.2703125 0.2046875
7 0.3234375 0.290625 0.2765625 0.2625
8 0.58046875 0.23046875 0.0578125 0.0671875
8 0.27578125 0.190625 0.0734375 0.0578125
8 0.1265625 0.1421875 0.0765625 0.0765625
2 0.34453125 0.325 0.6890625 0.65
6 0.22890625 0.54140625 0.4578125 0.2171875
2 0.84453125 0.325 0.3109375 0.65
6 0.19765625 0.7 0.1921875 0.1
1 0.52578125 0.70234375 0.2015625 0.1046875
7 0.496875 0.87265625 0.384375 0.2546875
7 0.28046875 0.83125 0.2890625 0.3375
8 0.66171875 0.91484375 0.0546875 0.1015625
8 0.3078125 0.68515625 0.090625 0.0703125
4 0.73203125 0.825 0.0859375 0.35