1 0.278125 0.37109375 0.3375 0.1578125
3 0.36953125 0.24296875 0.35625 0.265625
3 0.196875 0.159375 0.378125 0.31875
9 0.2390625 0.43515625 0.08125 0.0296875
4 0.046875 0.4125 0.09375 0.075
1 0.70859375 0.22578125 0.2390625 0.4484375
3 0.79453125 0.09453125 0.4109375 0.1890625
4 0.2046875 0.821875 0.2421875 0.346875
4 0.45546875 0.74453125 0.2671875 0.5109375
1 0.54375 0.79765625 0.090625 0.3015625
3 0.44296875 0.6796875 0.246875 0.26875
3 0.40546875 0.90625 0.3515625 0.1875
8 0.4515625 0.95234375 0.146875 0.0953125
6 0.8375 0.725 0.325 0.55