6 0.4125 0.16953125 0.353125 0.3390625
6 0.20703125 0.2484375 0.2625 0.2296875
6 0.35625 0.43984375 0.465625 0.3203125
2 0.79453125 0.3 0.4109375 0.6
3 0.09765625 0.8 0.1953125 0.4
3 0.26640625 0.94296875 0.2359375 0.1140625
3 0.49921875 0.91796875 0.1796875 0.1640625
9 0.4984375 0.7671875 0.0890625 0.0796875
1 0.471875 0.83125 0.234375 0.28125
4 0.184375 0.71484375 0.24375 0.2296875
4 0.4125 0.70859375 0.303125 0.2171875
3 0.88359375 0.67265625 0.2328125 0.1453125
3 0.67578125 0.8234375 0.1734375 0.196875
1 0.6859375 0.67890625 0.19375 0.1578125
4 0.8765625 0.7953125 0.246875 0.259375