7 0.190625 0.26953125 0.38125 0.5390625
1 0.79453125 0.19296875 0.3875 0.378125
7 0.8765625 0.1390625 0.246875 0.278125
7 0.64609375 0.26015625 0.4921875 0.5203125
8 0.9625 0.28515625 0.075 0.0828125
8 0.79609375 0.49453125 0.0859375 0.0890625
4 0.29375 0.64609375 0.2125 0.2140625
4 0.12578125 0.675 0.2515625 0.271875
7 0.19140625 0.7859375 0.2296875 0.3296875
7 0.33046875 0.8953125 0.1359375 0.209375
3 0.04765625 0.94296875 0.0953125 0.1140625
3 0.2046875 0.95 0.19375 0.1
1 0.05859375 0.8578125 0.1171875 0.253125
1 0.0234375 0.79375 0.046875 0.078125
8 0.2578125 0.625 0.1125 0.1046875
7 0.81875 0.6484375 0.3625 0.21875
7 0.91171875 0.76484375 0.1765625 0.3015625
7 0.89140625 0.9078125 0.2171875 0.184375
8 0.8234375 0.66796875 0.1203125 0.1390625
8 0.77734375 0.88984375 0.1234375 0.1453125