7 0.28203125 0.21484375 0.3359375 0.4296875
0 0.52265625 0.159375 0.1453125 0.240625
0 0.55 0.32265625 0.2 0.2140625
8 0.33984375 0.5125 0.0765625 0.0796875
8 0.42578125 0.7390625 0.0484375 0.059375
8 0.33984375 0.740625 0.0609375 0.065625
8 0.265625 0.70390625 0.05625 0.0578125
7 0.25546875 0.759375 0.109375 0.1515625
7 0.32890625 0.79921875 0.109375 0.1296875
7 0.4046875 0.79140625 0.090625 0.1609375
7 0.415625 0.69765625 0.06875 0.2078125
7 0.3140625 0.64375 0.240625 0.315625
3 0.8484375 0.71484375 0.303125 0.5703125