7 0.12734375 0.15078125 0.2234375 0.2984375
8 0.1453125 0.025 0.109375 0.05
3 0.3234375 0.16015625 0.16875 0.2796875
1 0.6875 0.03515625 0.49375 0.0703125
7 0.6828125 0.16171875 0.634375 0.2765625
8 0.35703125 0.2359375 0.0890625 0.128125
5 0.11953125 0.7078125 0.2390625 0.478125
7 0.51796875 0.41328125 0.2390625 0.2265625
7 0.70625 0.478125 0.1671875 0.2046875
7 0.7875 0.58515625 0.1640625 0.171875
7 0.8078125 0.73984375 0.203125 0.240625
7 0.5546875 0.72890625 0.48125 0.5421875
8 0.50078125 0.31953125 0.0953125 0.0390625
8 0.7046875 0.40078125 0.084375 0.0875
8 0.7953125 0.53203125 0.090625 0.0953125
8 0.825 0.66796875 0.0953125 0.090625
8 0.534375 0.5921875 0.159375 0.1609375