2 0.23984375 0.2421875 0.4796875 0.484375
3 0.13671875 0.41953125 0.1984375 0.2390625
6 0.89609375 0.26953125 0.2078125 0.5390625
6 0.62578125 0.26953125 0.2921875 0.5390625
5 0.23984375 0.76953125 0.4796875 0.4609375
7 0.9359375 0.68828125 0.128125 0.2984375
8 0.73359375 0.6421875 0.140625 0.175
8 0.84453125 0.67578125 0.1109375 0.153125
4 0.88515625 0.58359375 0.2296875 0.0890625
1 0.87734375 0.8140625 0.2453125 0.371875
1 0.575 0.76953125 0.190625 0.4609375
9 0.9546875 0.75859375 0.090625 0.0984375
9 0.54609375 0.71484375 0.1328125 0.1390625