7 0.44765625 0.08125 0.1546875 0.1625
6 0.36875 0.25390625 0.3703125 0.3171875
6 0.1984375 0.09609375 0.184375 0.1921875
6 0.075 0.13125 0.15 0.2625
6 0.12421875 0.28203125 0.2484375 0.3640625
8 0.3921875 0.15859375 0.0328125 0.03125
5 0.70390625 0.3296875 0.2703125 0.659375
3 0.4875 0.8296875 0.1625 0.340625
3 0.3390625 0.8296875 0.228125 0.340625
3 0.165625 0.8296875 0.215625 0.340625
3 0.03984375 0.8296875 0.0796875 0.340625
3 0.69296875 0.74296875 0.2484375 0.1671875
3 0.72109375 0.7796875 0.2890625 0.240625