4 0.3078125 0.228125 0.1421875 0.28125
4 0.4921875 0.23125 0.1859375 0.4625
7 0.3609375 0.428125 0.153125 0.275
7 0.1703125 0.5859375 0.090625 0.371875
7 0.7109375 0.38125 0.3234375 0.4203125
3 0.7109375 0.7140625 0.2671875 0.5546875
3 0.4984375 0.6734375 0.15625 0.2015625
3 0.2953125 0.6578125 0.1265625 0.24375
1 0.509375 0.53125 0.15625 0.203125
1 0.5265625 0.4734375 0.065625 0.059375
1 0.2671875 0.834375 0.2828125 0.1640625
8 0.7484375 0.9359375 0.0765625 0.0796875
8 0.334375 0.2703125 0.0875 0.0796875