7 0.17265625 0.29375 0.3453125 0.490625
8 0.1265625 0.034375 0.15625 0.06875
5 0.71953125 0.30546875 0.5609375 0.4671875
8 0.05546875 0.56015625 0.0484375 0.0421875
8 0.18828125 0.546875 0.0484375 0.015625
8 0.3234375 0.54765625 0.046875 0.0171875
8 0.434375 0.94140625 0.009375 0.0390625
8 0.30390625 0.8703125 0.0484375 0.0390625
8 0.13671875 0.84609375 0.0453125 0.040625
8 0.01953125 0.871875 0.0390625 0.040625
7 0.0375 0.73828125 0.075 0.2453125
7 0.084375 0.69765625 0.16875 0.2640625
7 0.19921875 0.67890625 0.1515625 0.2796875
7 0.3140625 0.68125 0.1140625 0.2671875
7 0.38671875 0.74453125 0.1046875 0.2734375
7 0.37421875 0.96640625 0.1296875 0.0671875
7 0.2765625 0.9375 0.115625 0.125
7 0.1625 0.92734375 0.1375 0.1453125
7 0.08046875 0.9421875 0.1609375 0.115625
8 0.62265625 0.759375 0.0453125 0.0609375
7 0.93984375 0.66484375 0.1203125 0.2515625
7 0.8140625 0.796875 0.371875 0.221875
7 0.83515625 0.9234375 0.3296875 0.153125