3 0.26796875 0.1109375 0.2171875 0.221875
3 0.05234375 0.46484375 0.1046875 0.1296875
3 0.2296875 0.5 0.2 0.059375
4 0.2265625 0.1640625 0.234375 0.328125
4 0.0734375 0.1515625 0.146875 0.303125
1 0.24921875 0.40859375 0.2046875 0.2421875
9 0.2703125 0.3578125 0.08125 0.071875
4 0.8125 0.20625 0.1625 0.4125
4 0.925 0.2734375 0.15 0.5125
3 0.6171875 0.24375 0.15625 0.4875
8 0.55703125 0.1109375 0.0359375 0.109375
3 0.2546875 0.81875 0.359375 0.3625
8 0.25390625 0.8 0.134375 0.14375
4 0.059375 0.75390625 0.11875 0.4484375
6 0.6796875 0.703125 0.28125 0.346875