2 0.425 0.2046875 0.1125 0.409375
3 0.07578125 0.14296875 0.1515625 0.1453125
8 0.13515625 0.14453125 0.021875 0.0359375
8 0.128125 0.03515625 0.0203125 0.0375
7 0.06953125 0.03203125 0.1359375 0.0640625
5 0.16015625 0.08359375 0.053125 0.0828125
1 0.19453125 0.159375 0.08125 0.109375
9 0.2078125 0.1109375 0.0203125 0.0109375
3 0.3078125 0.10546875 0.1375 0.1359375
3 0.3015625 0.1921875 0.153125 0.1328125
2 0.4265625 0.2046875 0.1125 0.409375
7 0.79453125 0.109375 0.4109375 0.21875
1 0.5859375 0.18046875 0.153125 0.2234375
8 0.56171875 0.04375 0.04375 0.075
9 0.5328125 0.1296875 0.046875 0.05
6 0.2265625 0.659375 0.453125 0.5