0 0.67109375 0.29375 0.0578125 0.278125
0 0.4578125 0.390625 0.484375 0.296875
0 0.14453125 0.4390625 0.2890625 0.2
3 0.85 0.24375 0.3 0.4875
3 0.96171875 0.225 0.0765625 0.45
8 0.340625 0.73125 0.0515625 0.053125
8 0.0203125 0.81640625 0.040625 0.0453125
8 0.57265625 0.74921875 0.0671875 0.0640625
8 0.65390625 0.73828125 0.071875 0.0625
8 0.63046875 0.87734375 0.084375 0.071875
8 0.07109375 0.9953125 0.0421875 0.009375
3 0.3859375 0.853125 0.2375 0.29375
3 0.53984375 0.8578125 0.2359375 0.284375
3 0.63125 0.76953125 0.1375 0.2828125
3 0.16875 0.95234375 0.3375 0.0953125
3 0.59296875 0.89296875 0.2140625 0.2140625
3 0.16328125 0.85 0.3265625 0.3
9 0.89609375 0.8125 0.0875 0.0890625
1 0.88203125 0.86640625 0.2359375 0.2671875