1 0.1640625 0.0328125 0.25 0.065625
1 0.3203125 0.11640625 0.221875 0.2328125
8 0.29765625 0.01015625 0.0515625 0.0203125
9 0.27421875 0.06875 0.06875 0.05625
0 0.56640625 0.07265625 0.2140625 0.1453125
0 0.63515625 0.1546875 0.2828125 0.21875
0 0.7578125 0.1703125 0.221875 0.2171875
0 0.8234375 0.19453125 0.2265625 0.225
6 0.39453125 0.65546875 0.1296875 0.4109375
6 0.24140625 0.725 0.4359375 0.55
6 0.534375 0.8671875 0.15 0.265625
6 0.6625 0.74609375 0.4015625 0.43125
5 0.87578125 0.70234375 0.2265625 0.5046875
3 0.928125 0.96328125 0.128125 0.0734375