3 0.4140625 0.3609375 0.65 0.25625
3 0.33984375 0.0609375 0.3046875 0.121875
3 0.34375 0.2015625 0.1609375 0.2625
1 0.5453125 0.16875 0.203125 0.26875
9 0.578125 0.153125 0.096875 0.09375
1 0.14765625 0.1109375 0.1546875 0.221875
7 0.06171875 0.24453125 0.1234375 0.4890625
4 0.6828125 0.1078125 0.1125 0.215625
2 0.8125 0.290625 0.146875 0.396875
2 0.928125 0.2609375 0.14375 0.45625
8 0.084375 0.8375 0.0578125 0.0421875
8 0.1109375 0.8140625 0.0296875 0.046875
8 0.465625 0.85 0.0421875 0.0546875
8 0.4953125 0.9484375 0.0375 0.05
7 0.40078125 0.6078125 0.2734375 0.2375
7 0.33125 0.778125 0.3734375 0.1578125
7 0.3640625 0.96484375 0.253125 0.0703125
7 0.1453125 0.9328125 0.16875 0.134375
7 0.309375 0.9125 0.284375 0.1453125
0 0.8546875 0.8375 0.0796875 0.21875
0 0.93515625 0.94921875 0.1296875 0.1015625