4 0.22421875 0.08828125 0.2703125 0.1765625
7 0.1234375 0.05234375 0.20625 0.1046875
7 0.27421875 0.2828125 0.1703125 0.309375
8 0.1609375 0.26015625 0.0796875 0.1328125
1 0.046875 0.41015625 0.09375 0.0796875
1 0.1859375 0.38515625 0.346875 0.1296875
9 0.121875 0.42890625 0.115625 0.0421875
7 0.81875 0.140625 0.3625 0.28125
1 0.4875 0.1125 0.209375 0.225
9 0.5875 0.26171875 0.1171875 0.0890625
1 0.64609375 0.29375 0.3828125 0.3125
8 0.6140625 0.0984375 0.090625 0.128125
6 0.1796875 0.725 0.359375 0.55
6 0.48203125 0.62734375 0.2453125 0.3546875
6 0.38203125 0.92421875 0.0453125 0.1515625
5 0.80625 0.8515625 0.0921875 0.1
3 0.73671875 0.86953125 0.1984375 0.2609375
7 0.85390625 0.79296875 0.153125 0.1703125
8 0.89609375 0.846875 0.0390625 0.0453125
5 0.7359375 0.640625 0.528125 0.38125