2 0.5515625 0.1765625 0.615625 0.353125
5 0.1890625 0.2609375 0.1265625 0.0859375
5 0.153125 0.4515625 0.05625 0.2765625
5 0.325 0.76875 0.3984375 0.4625
3 0.490625 0.384375 0.121875 0.15625
3 0.58125 0.38125 0.1046875 0.1609375
3 0.6078125 0.66875 0.10625 0.30625
1 0.5703125 0.4875 0.13125 0.0734375
9 0.515625 0.4828125 0.0171875 0.0171875
5 0.496875 0.5453125 0.0859375 0.0734375
8 0.5734375 0.5453125 0.0328125 0.025
8 0.446875 0.5828125 0.040625 0.0203125
7 0.4265625 0.6703125 0.1453125 0.153125