5 0.234375 0.296875 0.46875 0.565625
7 0.91484375 0.215625 0.1703125 0.43125
4 0.7109375 0.23046875 0.253125 0.4609375
2 0.0828125 0.78984375 0.165625 0.4203125
5 0.36328125 0.90234375 0.2109375 0.1953125
5 0.290625 0.8171875 0.0515625 0.06875
3 0.37578125 0.746875 0.1859375 0.134375
8 0.30703125 0.75546875 0.025 0.028125
1 0.259375 0.76171875 0.075 0.096875
9 0.2515625 0.79765625 0.0203125 0.0203125
3 0.1796875 0.74765625 0.1234375 0.1078125
3 0.17734375 0.809375 0.1125 0.115625
7 0.3765625 0.8671875 0.13125 0.1140625
8 0.3234375 0.84765625 0.0234375 0.0328125
7 0.634375 0.78984375 0.33125 0.4203125