1 0.19375 0.1421875 0.325 0.284375
3 0.0765625 0.2703125 0.153125 0.540625
9 0.15234375 0.03046875 0.1046875 0.0609375
3 0.22890625 0.50078125 0.4421875 0.2984375
3 0.1765625 0.60078125 0.353125 0.0984375
8 0.7515625 0.06328125 0.0453125 0.0515625
8 0.47890625 0.14765625 0.0578125 0.0703125
7 0.83046875 0.28046875 0.259375 0.46875
7 0.54375 0.37109375 0.1875 0.4515625
1 0.240625 0.81875 0.2234375 0.328125
9 0.21171875 0.75 0.0734375 0.06875
3 0.1 0.840625 0.2 0.31875
3 0.06171875 0.77421875 0.1234375 0.2296875
0 0.725 0.825 0.55 0.35