7 0.23984375 0.27890625 0.23125 0.2578125
7 0.071875 0.3390625 0.14375 0.18125
7 0.20859375 0.378125 0.4171875 0.103125
8 0.2625 0.1875 0.090625 0.09375
8 0.06875 0.27421875 0.08125 0.084375
8 0.01015625 0.38671875 0.0203125 0.0859375
8 0.21171875 0.40625 0.1515625 0.046875
1 0.734375 0.21484375 0.53125 0.4296875
1 0.040625 0.64453125 0.08125 0.3390625
1 0.27265625 0.87265625 0.2546875 0.2546875
7 0.234375 0.5328125 0.46875 0.20625
7 0.375 0.7265625 0.1875 0.309375
8 0.0390625 0.44765625 0.053125 0.0359375
8 0.421875 0.590625 0.09375 0.128125
4 0.41171875 0.78046875 0.1140625 0.4390625
3 0.17265625 0.66875 0.3453125 0.265625
3 0.09375 0.8515625 0.1875 0.284375
9 0.29921875 0.8921875 0.1 0.096875
1 0.7484375 0.7921875 0.4015625 0.4125
1 0.940625 0.81875 0.11875 0.3625
9 0.75703125 0.8171875 0.2375 0.203125