6 0.28828125 0.084375 0.1953125 0.16875
7 0.1453125 0.19921875 0.1078125 0.065625
8 0.2015625 0.21640625 0.015625 0.0265625
3 0.39296875 0.36953125 0.0546875 0.1203125
3 0.53359375 0.35625 0.1140625 0.13125
1 0.4609375 0.39140625 0.078125 0.0765625
2 0.315625 0.321875 0.60625 0.215625
2 0.8296875 0.08125 0.340625 0.1625
7 0.715625 0.01640625 0.10625 0.0328125
8 0.759375 0.0390625 0.0546875 0.0578125
5 0.8234375 0.3203125 0.353125 0.21875
2 0.21015625 0.71484375 0.4203125 0.5703125
3 0.48515625 0.68125 0.165625 0.3515625
8 0.51015625 0.8015625 0.0546875 0.053125
7 0.03203125 0.896875 0.0640625 0.20625
8 0.03046875 0.9625 0.0609375 0.071875
3 0.74453125 0.740625 0.2515625 0.51875
3 0.9109375 0.7640625 0.178125 0.471875