6 0.26953125 0.1484375 0.5390625 0.296875
5 0.76953125 0.21484375 0.4609375 0.4296875
5 0.29453125 0.71484375 0.4890625 0.5703125
5 0.07578125 0.5953125 0.1515625 0.33125
9 0.6671875 0.48046875 0.046875 0.1015625
2 0.671875 0.76171875 0.140625 0.4765625
8 0.96640625 0.76953125 0.025 0.0375
8 0.9796875 0.659375 0.0234375 0.0390625
7 0.98359375 0.6328125 0.0328125 0.128125
5 0.94375 0.7046875 0.059375 0.0875
1 0.9046875 0.78125 0.090625 0.115625
9 0.89296875 0.73046875 0.0234375 0.0125
3 0.79375 0.71875 0.1484375 0.1453125
3 0.79375 0.80625 0.165625 0.14375
2 0.671875 0.76484375 0.140625 0.4703125