4 0.6171875 0.1203125 0.225 0.240625
1 0.3859375 0.41953125 0.584375 0.4203125
3 0.24140625 0.1875 0.4828125 0.375
0 0.79453125 0.1515625 0.1296875 0.303125
0 0.78203125 0.31640625 0.1046875 0.1890625
0 0.565625 0.6921875 0.328125 0.125
0 0.35234375 0.75859375 0.1359375 0.2578125
0 0.1609375 0.68359375 0.321875 0.1078125
0 0.2390625 0.746875 0.259375 0.234375
0 0.48515625 0.90078125 0.2515625 0.1984375
0 0.60703125 0.8734375 0.2296875 0.253125
0 0.65859375 0.86953125 0.1421875 0.2609375
1 0.8109375 0.80390625 0.1625 0.3484375
9 0.78203125 0.66328125 0.1046875 0.0671875
3 0.91796875 0.81484375 0.1640625 0.3703125