3 0.36015625 0.259375 0.4171875 0.51875
1 0.63671875 0.26015625 0.1359375 0.4671875
2 0.08828125 0.78125 0.1765625 0.25625
2 0.30546875 0.7546875 0.3125 0.375
2 0.46171875 0.8078125 0.2140625 0.346875
2 0.51015625 0.709375 0.1171875 0.38125
2 0.13828125 0.88828125 0.2765625 0.2234375
2 0.3953125 0.90546875 0.346875 0.1890625
3 0.725 0.67890625 0.3125 0.3203125
1 0.63828125 0.8796875 0.1390625 0.240625
1 0.85234375 0.83671875 0.2953125 0.3140625
9 0.87421875 0.778125 0.1 0.1359375
9 0.60234375 0.9234375 0.0671875 0.13125