9 0.065625 0.31640625 0.0859375 0.1
1 0.10390625 0.32734375 0.2078125 0.3046875
3 0.32109375 0.25546875 0.2578125 0.2328125
3 0.321875 0.36015625 0.25625 0.2390625
3 0.16953125 0.17734375 0.3390625 0.3546875
0 0.9234375 0.23984375 0.153125 0.4796875
0 0.725 0.3890625 0.55 0.18125
2 0.225 0.73984375 0.45 0.5203125
4 0.50859375 0.7953125 0.1171875 0.409375
4 0.6125 0.79296875 0.121875 0.4140625
4 0.72265625 0.79296875 0.1265625 0.4140625
4 0.8375 0.79140625 0.134375 0.4171875
4 0.946875 0.7734375 0.10625 0.453125