4 0.5171875 0.20625 0.1296875 0.334375
4 0.8046875 0.4859375 0.1390625 0.309375
3 0.4953125 0.5875 0.134375 0.2125
3 0.4890625 0.4265625 0.28125 0.140625
3 0.5328125 0.8015625 0.553125 0.3375
8 0.2984375 0.88125 0.0546875 0.078125
8 0.753125 0.26875 0.0875 0.09375
9 0.6890625 0.571875 0.065625 0.0640625
1 0.6625 0.565625 0.16875 0.190625
7 0.175 0.665625 0.1 0.3515625
7 0.4796875 0.196875 0.503125 0.2453125
8 0.1859375 0.259375 0.040625 0.075
1 0.1734375 0.9265625 0.096875 0.146875
8 0.1609375 0.4859375 0.0578125 0.0609375