4 0.12421875 0.16484375 0.1859375 0.3296875
4 0.45703125 0.3890625 0.1765625 0.334375
3 0.16484375 0.52578125 0.1703125 0.2078125
3 0.14296875 0.37734375 0.2859375 0.1890625
3 0.271875 0.5828125 0.54375 0.09375
8 0.3765625 0.1734375 0.1046875 0.109375
9 0.359375 0.49453125 0.078125 0.075
1 0.33125 0.49296875 0.2015625 0.221875
7 0.1796875 0.15546875 0.359375 0.3109375
0 0.84296875 0.12578125 0.3140625 0.2515625
0 0.86953125 0.23359375 0.209375 0.4328125
5 0.3046875 0.7890625 0.609375 0.31875
2 0.8046875 0.8828125 0.390625 0.234375