2 0.2046875 0.26953125 0.409375 0.5390625
7 0.0609375 0.20390625 0.121875 0.1578125
7 0.07421875 0.38125 0.1484375 0.16875
8 0.11953125 0.16484375 0.040625 0.053125
3 0.2734375 0.25859375 0.2328125 0.2046875
3 0.1375 0.4578125 0.2203125 0.1609375
2 0.7046875 0.26953125 0.590625 0.5390625
7 0.83046875 0.090625 0.2609375 0.18125
8 0.96640625 0.0546875 0.046875 0.0734375
1 0.596875 0.3703125 0.2625 0.2109375
3 0.88203125 0.43046875 0.2359375 0.2171875
2 0.2046875 0.76953125 0.409375 0.4609375
2 0.2046875 0.79765625 0.409375 0.4046875
4 0.7046875 0.76953125 0.590625 0.4609375