3 0.08515625 0.20546875 0.1703125 0.4109375
3 0.39453125 0.4828125 0.1890625 0.19375
4 0.24765625 0.4734375 0.2984375 0.2125
1 0.2234375 0.14296875 0.259375 0.2859375
1 0.37265625 0.23515625 0.2328125 0.3265625
9 0.428125 0.1828125 0.0796875 0.08125
9 0.1984375 0.07578125 0.1046875 0.090625
1 0.62421875 0.32109375 0.2703125 0.5171875
9 0.68359375 0.16328125 0.090625 0.1171875
4 0.22109375 0.78984375 0.4109375 0.4203125
4 0.39765625 0.78984375 0.1828125 0.4203125
1 0.70625 0.75859375 0.434375 0.3578125
9 0.6234375 0.6578125 0.225 0.15625