8 0.0671875 0.00625 0.021875 0.0125
2 0.1921875 0.27734375 0.384375 0.5234375
5 0.40703125 0.5109375 0.0484375 0.05625
3 0.346875 0.39921875 0.115625 0.1171875
3 0.31640625 0.45078125 0.10625 0.121875
3 0.4671875 0.47578125 0.06875 0.0984375
1 0.40703125 0.45078125 0.0875 0.0890625
9 0.384375 0.4765625 0.01875 0.0140625
5 0.759375 0.27265625 0.48125 0.5328125
4 0.15625 0.63671875 0.246875 0.1953125
7 0.38828125 0.65625 0.2609375 0.234375
7 0.11875 0.89140625 0.2375 0.2171875
5 0.759375 0.76953125 0.48125 0.4609375