3 0.25078125 0.1625 0.4953125 0.325
1 0.071875 0.06875 0.14375 0.1375
4 0.43046875 0.24921875 0.2578125 0.4984375
4 0.3140625 0.296875 0.471875 0.484375
3 0.11796875 0.34765625 0.2359375 0.3078125
3 0.12109375 0.4546875 0.2421875 0.16875
4 0.871875 0.26953125 0.25625 0.5390625
1 0.6765625 0.11796875 0.203125 0.2359375
1 0.8328125 0.32265625 0.2390625 0.325
9 0.659375 0.0390625 0.065625 0.0671875
9 0.809375 0.28515625 0.0859375 0.0953125
3 0.7421875 0.171875 0.240625 0.321875
3 0.9109375 0.178125 0.178125 0.303125
8 0.96328125 0.46640625 0.0734375 0.1453125
4 0.04140625 0.8328125 0.0828125 0.334375
4 0.10625 0.81640625 0.2125 0.3671875
4 0.22421875 0.79609375 0.2390625 0.4078125
4 0.3609375 0.778125 0.246875 0.44375
4 0.47734375 0.79375 0.1640625 0.4125
2 0.8078125 0.6 0.384375 0.121875
2 0.81796875 0.6828125 0.3640625 0.2875