7 0.15 0.40625 0.3 0.165625
2 0.65 0.34140625 0.7 0.2953125
7 0.1375 0.58984375 0.1375 0.2015625
7 0.25625 0.60703125 0.0875 0.2359375
3 0.25234375 0.81796875 0.0953125 0.3546875
1 0.17734375 0.9171875 0.2046875 0.165625
8 0.3875 0.71953125 0.046875 0.0390625
8 0.52578125 0.6484375 0.046875 0.0421875
8 0.6578125 0.59609375 0.0453125 0.0578125
8 0.8 0.590625 0.0453125 0.0359375
8 0.984375 0.64453125 0.03125 0.0453125
8 0.98203125 0.98828125 0.0359375 0.0234375
8 0.82109375 0.9390625 0.0484375 0.0375
8 0.64453125 0.934375 0.04375 0.0375
8 0.525 0.978125 0.0421875 0.0375
7 0.46796875 0.84375 0.1796875 0.24375
7 0.571875 0.78828125 0.15625 0.2640625
7 0.68828125 0.75390625 0.134375 0.284375
7 0.80703125 0.7421875 0.096875 0.271875
7 0.9234375 0.79296875 0.153125 0.2734375
7 0.96875 0.84140625 0.0625 0.2640625
7 0.80859375 0.97421875 0.1015625 0.0515625
7 0.6875 0.97265625 0.128125 0.0546875