4 0.7796875 0.165625 0.1875 0.3296875
7 0.2875 0.56875 0.325 0.49375
8 0.1875 0.33125 0.125 0.15625
8 0.65 0.1171875 0.0875 0.0859375
7 0.63125 0.30625 0.1546875 0.309375
7 0.7828125 0.85625 0.1828125 0.2859375
7 0.6296875 0.9125 0.14375 0.1734375
9 0.6234375 0.8484375 0.0390625 0.0328125
9 0.7921875 0.375 0.075 0.0515625
1 0.7546875 0.4390625 0.2 0.2453125
4 0.384375 0.359375 0.165625 0.3875
3 0.846875 0.615625 0.0546875 0.484375
3 0.515625 0.565625 0.1375 0.2890625
3 0.6515625 0.71875 0.2984375 0.290625
8 0.7953125 0.70625 0.0765625 0.05625