2 0.18046875 0.2484375 0.3609375 0.496875
2 0.21953125 0.5390625 0.4390625 0.421875
6 0.6203125 0.11171875 0.25 0.2234375
7 0.80234375 0.221875 0.1296875 0.0890625
8 0.74296875 0.246875 0.021875 0.03125
7 0.5578125 0.63125 0.15625 0.19375
3 0.55625 0.46484375 0.0828125 0.1734375
1 0.50859375 0.5015625 0.0578125 0.1375
9 0.50078125 0.54453125 0.03125 0.0296875
2 0.73984375 0.48359375 0.5203125 0.5328125
0 0.353125 0.94140625 0.253125 0.1171875
0 0.24453125 0.95234375 0.2921875 0.0953125
5 0.66171875 0.875 0.3640625 0.25