4 0.30078125 0.371875 0.1375 0.359375
1 0.2328125 0.5375 0.18125 0.184375
9 0.22265625 0.4765625 0.0625 0.0234375
7 0.1828125 0.290625 0.1890625 0.44375
8 0.2140625 0.06484375 0.053125 0.0359375
8 0.0578125 0.58125 0.0765625 0.075
7 0.10859375 0.53359375 0.1328125 0.16875
1 0.759375 0.26328125 0.48125 0.5265625
3 0.2 0.81484375 0.4 0.3703125
9 0.6234375 0.9375 0.053125 0.0734375
1 0.68203125 0.92578125 0.2109375 0.1484375
3 0.86640625 0.93046875 0.2671875 0.1390625
7 0.821875 0.79140625 0.35625 0.3234375
4 0.89375 0.67109375 0.2125 0.0828125