7 0.20546875 0.228125 0.3078125 0.45625
7 0.02578125 0.17265625 0.0515625 0.3359375
7 0.01484375 0.35078125 0.0296875 0.2796875
7 0.0671875 0.40078125 0.1171875 0.29375
7 0.20234375 0.3921875 0.134375 0.3171875
8 0.07109375 0.23828125 0.071875 0.0671875
8 0.20234375 0.215625 0.08125 0.0625
5 0.75 0.40390625 0.5 0.5109375
9 0.15625 0.675 0.065625 0.03125
9 0.4734375 0.70859375 0.053125 0.0421875
9 0.2453125 0.75 0.065625 0.04375
1 0.16328125 0.8296875 0.2640625 0.340625
1 0.253125 0.85078125 0.278125 0.2984375
1 0.41796875 0.8375 0.1640625 0.325
1 0.3875 0.6796875 0.225 0.040625
5 0.70546875 0.78125 0.4109375 0.24375