5 0.2109375 0.5765625 0.171875 0.2265625
5 0.2859375 0.4984375 0.0703125 0.0453125
6 0.7578125 0.1734375 0.1671875 0.1640625
2 0.459375 0.3796875 0.36875 0.315625
7 0.578125 0.2234375 0.0375 0.0671875
8 0.6 0.2515625 0.0109375 0.0171875
3 0.4609375 0.546875 0.0578125 0.084375
3 0.509375 0.540625 0.04375 0.0859375
5 0.31875 0.821875 0.3875 0.3546875
7 0.446875 0.7078125 0.0765625 0.090625
8 0.453125 0.659375 0.0234375 0.0171875
8 0.5203125 0.6265625 0.0171875 0.01875
3 0.553125 0.696875 0.0796875 0.178125
5 0.478125 0.6328125 0.04375 0.0421875
1 0.5140625 0.5984375 0.075 0.034375
9 0.484375 0.5984375 0.009375 0.0109375