3 0.3796875 0.725 0.5078125 0.3234375
3 0.334375 0.509375 0.1640625 0.240625
3 0.3875 0.359375 0.265625 0.1609375
7 0.7015625 0.721875 0.3453125 0.5546875
7 0.4296875 0.1953125 0.3640625 0.1359375
7 0.5828125 0.3375 0.1546875 0.2734375
1 0.228125 0.3765625 0.1203125 0.2734375
1 0.5015625 0.496875 0.175 0.20625
9 0.525 0.4921875 0.071875 0.065625
8 0.2328125 0.2 0.0296875 0.059375
8 0.5796875 0.184375 0.0890625 0.090625
4 0.7328125 0.1390625 0.146875 0.23125
4 0.7078125 0.3421875 0.2140625 0.4859375