7 0.3359375 0.06875 0.159375 0.1375
7 0.1875 0.5140625 0.16875 0.23125
7 0.33671875 0.571875 0.1484375 0.115625
9 0.34375 0.5375 0.040625 0.034375
9 0.16875 0.0484375 0.0765625 0.053125
1 0.20703125 0.12109375 0.2078125 0.2421875
4 0.53671875 0.11640625 0.0640625 0.2328125
3 0.121875 0.296875 0.0375 0.5
3 0.4546875 0.2453125 0.1421875 0.296875
3 0.3140625 0.403125 0.3078125 0.3
8 0.165625 0.390625 0.0796875 0.0578125
2 0.784375 0.31484375 0.43125 0.6296875
3 0.284375 0.81484375 0.56875 0.3703125
1 0.784375 0.7875 0.43125 0.315625