1 0.3328125 0.3390625 0.228125 0.3359375
1 0.0484375 0.3109375 0.096875 0.378125
9 0.3390625 0.26328125 0.075 0.071875
3 0.17890625 0.30546875 0.2234375 0.3609375
3 0.134375 0.1609375 0.26875 0.234375
4 0.9234375 0.334375 0.153125 0.4875
4 0.69453125 0.2625 0.25 0.5
1 0.76015625 0.4578125 0.246875 0.3578125
9 0.7921875 0.31640625 0.0484375 0.0234375
1 0.421875 0.884375 0.29375 0.23125
1 0.15546875 0.884375 0.3109375 0.23125
9 0.471875 0.79140625 0.071875 0.0453125
3 0.859375 0.884375 0.28125 0.23125