3 0.07734375 0.13359375 0.1546875 0.2671875
3 0.334375 0.1609375 0.0265625 0.1
1 0.2484375 0.1953125 0.1984375 0.28125
9 0.29375 0.278125 0.0578125 0.078125
8 0.0359375 0.38671875 0.071875 0.0265625
3 0.884375 0.1078125 0.1296875 0.165625
3 0.7890625 0.1046875 0.1109375 0.171875
3 0.759375 0.32421875 0.1125 0.1515625
1 0.8 0.2171875 0.1390625 0.078125
9 0.8578125 0.2125 0.01875 0.01875
5 0.878125 0.278125 0.090625 0.0765625
8 0.796875 0.2796875 0.034375 0.0265625
8 0.9296875 0.31875 0.0421875 0.021875
7 0.93671875 0.365625 0.1265625 0.06875
6 0.25703125 0.94375 0.2640625 0.1125
1 0.7578125 0.6078125 0.484375 0.359375
9 0.759375 0.5640625 0.1234375 0.1203125