4 0.153125 0.05078125 0.2 0.1015625
7 0.29453125 0.06328125 0.2578125 0.1265625
1 0.21484375 0.08359375 0.2203125 0.1671875
4 0.5546875 0.1171875 0.25 0.234375
7 0.35234375 0.11484375 0.1828125 0.1765625
8 0.3859375 0.13203125 0.1 0.0984375
1 0.83984375 0.17109375 0.3203125 0.3421875
9 0.765625 0.053125 0.171875 0.10625
7 0.07265625 0.7671875 0.1453125 0.375
7 0.33671875 0.8359375 0.3078125 0.328125
1 0.5515625 0.790625 0.2359375 0.21875
3 0.44375 0.93046875 0.34375 0.1390625
8 0.28125 0.71640625 0.075 0.0953125
2 0.33984375 0.7046875 0.6796875 0.590625