0 0.2109375 0.09609375 0.125 0.1921875
0 0.23046875 0.0640625 0.1234375 0.128125
0 0.29609375 0.05078125 0.1046875 0.1015625
7 0.84609375 0.19453125 0.3078125 0.3890625
7 0.6453125 0.1859375 0.153125 0.35
7 0.640625 0.30390625 0.14375 0.1703125
7 0.74296875 0.32109375 0.1421875 0.1359375
7 0.87890625 0.30546875 0.1609375 0.1671875
8 0.59765625 0.01640625 0.0578125 0.0328125
8 0.61328125 0.20859375 0.0703125 0.071875
8 0.7328125 0.2421875 0.0765625 0.075
8 0.8625 0.20859375 0.0859375 0.0703125
3 0.20703125 0.68125 0.3359375 0.584375
3 0.8640625 0.6859375 0.271875 0.59375