3 0.1453125 0.68046875 0.290625 0.0765625
3 0.36875 0.54609375 0.2265625 0.3
7 0.1484375 0.30390625 0.290625 0.271875
7 0.0921875 0.52109375 0.184375 0.3453125
8 0.25546875 0.3546875 0.06875 0.0796875
2 0.2625 0.359375 0.525 0.71875
2 0.76953125 0.26640625 0.4609375 0.5328125
7 0.3171875 0.7734375 0.234375 0.109375
3 0.07421875 0.859375 0.1484375 0.28125
3 0.17578125 0.83359375 0.3515625 0.2296875
1 0.35 0.92578125 0.278125 0.1484375
9 0.28046875 0.903125 0.059375 0.025
8 0.02578125 0.93203125 0.0515625 0.0984375
7 0.23515625 0.9203125 0.4703125 0.159375
4 0.76953125 0.859375 0.4609375 0.28125