5 0.228125 0.553125 0.328125 0.053125
5 0.39453125 0.50546875 0.2890625 0.1484375
2 0.48828125 0.1984375 0.1015625 0.396875
3 0.05 0.21328125 0.1 0.2546875
8 0.04375 0.2875 0.0515625 0.0484375
8 0.15546875 0.31640625 0.0515625 0.04375
7 0.23125 0.2421875 0.19375 0.1390625
3 0.4234375 0.1328125 0.1953125 0.146875
3 0.44609375 0.20390625 0.1859375 0.1703125
1 0.29921875 0.16171875 0.115625 0.146875
9 0.32265625 0.2015625 0.028125 0.0359375
5 0.93203125 0.403125 0.1359375 0.353125
5 0.85546875 0.203125 0.2890625 0.40625
5 0.26953125 0.78984375 0.5390625 0.4203125
5 0.76953125 0.78984375 0.4609375 0.4203125