4 0.8046875 0.121875 0.140625 0.2421875
4 0.3609375 0.1109375 0.1609375 0.2203125
7 0.2046875 0.2234375 0.159375 0.4453125
7 0.653125 0.1234375 0.16875 0.246875
3 0.41875 0.2296875 0.3109375 0.2328125
3 0.6828125 0.5359375 0.384375 0.6625
3 0.4109375 0.425 0.3796875 0.175
1 0.7140625 0.23125 0.2265625 0.3265625
9 0.765625 0.1421875 0.0984375 0.0484375
1 0.24375 0.63125 0.2359375 0.265625
9 0.2953125 0.5203125 0.0578125 0.015625
8 0.56875 0.5015625 0.0734375 0.0875
7 0.3734375 0.70625 0.396875 0.4546875
8 0.628125 0.7296875 0.1125 0.1140625