4 0.35 0.21328125 0.1 0.3046875
4 0.1921875 0.22578125 0.228125 0.4515625
7 0.3125 0.4203125 0.175 0.3
7 0.06875 0.34609375 0.1375 0.4609375
1 0.1515625 0.49140625 0.178125 0.1765625
1 0.1375 0.4546875 0.0734375 0.0671875
8 0.35234375 0.25546875 0.0953125 0.0890625
2 0.7078125 0.253125 0.584375 0.50625
2 0.7953125 0.46484375 0.409375 0.2296875
3 0.1671875 0.78984375 0.334375 0.4203125
0 0.90234375 0.77890625 0.1953125 0.2234375
0 0.82890625 0.66171875 0.1734375 0.1640625
0 0.75390625 0.74140625 0.1953125 0.3234375
0 0.66171875 0.61953125 0.0890625 0.0796875
0 0.59609375 0.865625 0.2171875 0.26875
0 0.52578125 0.659375 0.0828125 0.159375
0 0.5078125 0.621875 0.065625 0.084375
0 0.44453125 0.61953125 0.0890625 0.0796875
0 0.44375 0.7828125 0.0875 0.190625