7 0.1171875 0.409375 0.234375 0.340625
4 0.19765625 0.0734375 0.2234375 0.146875
4 0.1546875 0.19609375 0.309375 0.3921875
1 0.65078125 0.484375 0.2859375 0.190625
9 0.75 0.50078125 0.0453125 0.0390625
3 0.840625 0.2609375 0.31875 0.521875
8 0.8234375 0.4515625 0.084375 0.0765625
4 0.4515625 0.0765625 0.284375 0.153125
3 0.4921875 0.11796875 0.19375 0.2359375
3 0.665625 0.14609375 0.18125 0.1984375
1 0.7171875 0.0625 0.203125 0.125
9 0.75390625 0.0078125 0.0796875 0.015625
7 0.56484375 0.33046875 0.40625 0.2875
8 0.359375 0.30859375 0.053125 0.078125
6 0.1546875 0.825 0.309375 0.35
1 0.5375 0.67265625 0.440625 0.1859375
1 0.7703125 0.75390625 0.459375 0.3484375
1 0.884375 0.78984375 0.23125 0.4203125