3 0.096875 0.45 0.184375 0.278125
3 0.21328125 0.446875 0.1921875 0.284375
7 0.0453125 0.3859375 0.090625 0.2625
7 0.21640625 0.16484375 0.2125 0.2078125
1 0.36015625 0.140625 0.1875 0.1625
9 0.43515625 0.17421875 0.0203125 0.0375
8 0.10234375 0.09921875 0.028125 0.05625
7 0.82890625 0.08515625 0.3421875 0.1703125
7 0.85546875 0.29296875 0.2890625 0.2609375
3 0.58125 0.1765625 0.084375 0.2125
3 0.7515625 0.475 0.425 0.228125
8 0.69453125 0.04453125 0.0671875 0.0890625
2 0.76953125 0.29453125 0.4609375 0.5890625
1 0.075 0.81953125 0.15 0.3421875
2 0.76953125 0.79453125 0.4609375 0.4109375