7 0.15 0.16875 0.0484375 0.0546875
8 0.1625 0.1546875 0.021875 0.0265625
2 0.3125 0.409375 0.3734375 0.3703125
5 0.39375 0.653125 0.053125 0.0796875
5 0.453125 0.8203125 0.3328125 0.2421875
5 0.7359375 0.728125 0.2765625 0.44375
5 0.628125 0.4921875 0.0390625 0.0578125
3 0.734375 0.4390625 0.196875 0.0984375
8 0.6515625 0.4375 0.0203125 0.0234375
1 0.6078125 0.4375 0.05625 0.08125
9 0.5953125 0.46875 0.015625 0.0171875
3 0.5375 0.4140625 0.1015625 0.084375
3 0.528125 0.4703125 0.090625 0.09375
7 0.7 0.546875 0.1078125 0.0890625
8 0.6546875 0.5234375 0.0171875 0.028125