5 0.30546875 0.38203125 0.5484375 0.4546875
2 0.37890625 0.0546875 0.4015625 0.109375
1 0.82734375 0.39921875 0.3453125 0.4203125
5 0.28984375 0.8046875 0.5796875 0.390625
2 0.70625 0.7328125 0.253125 0.246875
5 0.8 0.8109375 0.0625 0.08125
5 0.63984375 0.953125 0.1203125 0.09375
5 0.73515625 0.971875 0.2078125 0.05625
5 0.76640625 0.93984375 0.1765625 0.1203125
3 0.75 0.6765625 0.1375 0.134375
3 0.71015625 0.7265625 0.1296875 0.1421875
3 0.86328125 0.77265625 0.071875 0.109375
1 0.80859375 0.73984375 0.1046875 0.1046875
9 0.78046875 0.76328125 0.0203125 0.015625
8 0.81171875 0.85703125 0.028125 0.034375
7 0.8359375 0.90625 0.06875 0.1203125