1 0.371875 0.12734375 0.15625 0.2546875
3 0.153125 0.075 0.30625 0.15
3 0.1296875 0.165625 0.215625 0.33125
3 0.225 0.3609375 0.45 0.215625
3 0.9359375 0.34609375 0.128125 0.2453125
3 0.703125 0.26875 0.371875 0.4
1 0.19140625 0.8296875 0.3828125 0.340625
3 0.26171875 0.5328125 0.3765625 0.128125
1 0.78984375 0.88359375 0.2484375 0.2328125
9 0.7578125 0.9078125 0.0953125 0.10625
3 0.890625 0.71015625 0.21875 0.2421875
3 0.953125 0.9015625 0.09375 0.196875
7 0.83828125 0.559375 0.3234375 0.18125
7 0.56171875 0.9375 0.2234375 0.125
4 0.553125 0.59453125 0.20625 0.2515625
4 0.57421875 0.75859375 0.2484375 0.4828125