9 0.190625 0.2515625 0.084375 0.0984375
8 0.4390625 0.1234375 0.0640625 0.0984375
1 0.19296875 0.26484375 0.2828125 0.3078125
1 0.3984375 0.28671875 0.159375 0.2640625
3 0.03125 0.19921875 0.0625 0.2296875
3 0.2359375 0.14296875 0.471875 0.2859375
0 0.81953125 0.1640625 0.3609375 0.328125
0 0.571875 0.1578125 0.184375 0.315625
4 0.3671875 0.709375 0.225 0.58125
9 0.5296875 0.6296875 0.075 0.0765625
9 0.7421875 0.7203125 0.0703125 0.0703125
3 0.74609375 0.5890625 0.203125 0.234375
3 0.928125 0.7671875 0.14375 0.36875
1 0.7375 0.8125 0.19375 0.35625
1 0.57109375 0.74296875 0.1828125 0.3421875