6 0.5390625 0.1453125 0.2671875 0.1859375
7 0.19375 0.409375 0.1375 0.359375
4 0.28125 0.440625 0.175 0.4734375
4 0.50625 0.80625 0.4546875 0.14375
3 0.509375 0.34375 0.346875 0.1765625
3 0.5578125 0.4609375 0.14375 0.246875
3 0.5796875 0.65625 0.278125 0.171875
8 0.6359375 0.2984375 0.040625 0.046875
8 0.4265625 0.4421875 0.0734375 0.0796875
8 0.840625 0.88125 0.046875 0.075
1 0.4328125 0.5046875 0.1359375 0.2125
7 0.3984375 0.5984375 0.1609375 0.2890625
7 0.6234375 0.915625 0.41875 0.16875
1 0.73125 0.63125 0.1671875 0.240625
9 0.75625 0.7328125 0.0421875 0.0140625