2 0.2 0.128125 0.4 0.25625
3 0.42265625 0.09296875 0.0921875 0.1421875
5 0.128125 0.32265625 0.128125 0.175
5 0.234375 0.50859375 0.46875 0.2609375
8 0.82109375 0.0484375 0.1046875 0.096875
7 0.92109375 0.1046875 0.1578125 0.209375
1 0.8078125 0.29765625 0.3828125 0.45625
1 0.5578125 0.38984375 0.178125 0.4984375
9 0.51953125 0.37734375 0.1015625 0.1640625
9 0.78828125 0.2234375 0.1453125 0.13125
6 0.2609375 0.81953125 0.415625 0.3609375
6 0.1140625 0.81953125 0.228125 0.3609375
7 0.70703125 0.8 0.4765625 0.321875