1 0.38359375 0.07265625 0.2109375 0.1453125
1 0.03125 0.1578125 0.0625 0.315625
3 0.1515625 0.06015625 0.303125 0.1203125
3 0.16015625 0.140625 0.2296875 0.28125
9 0.47109375 0.3859375 0.0359375 0.1125
3 0.24453125 0.38984375 0.4890625 0.4203125
0 0.596875 0.4515625 0.215625 0.296875
0 0.77265625 0.15234375 0.2640625 0.3046875
0 0.87578125 0.27578125 0.21875 0.446875
0 0.73203125 0.2078125 0.1671875 0.384375
0 0.64140625 0.2859375 0.1703125 0.415625
0 0.63984375 0.41796875 0.1421875 0.3640625
0 0.55234375 0.13515625 0.1265625 0.2703125
6 0.24453125 0.8 0.4890625 0.4
7 0.74453125 0.8 0.5109375 0.4