4 0.1296875 0.09296875 0.259375 0.1859375
7 0.2734375 0.2046875 0.459375 0.409375
7 0.4609375 0.24609375 0.128125 0.1875
7 0.02734375 0.134375 0.0546875 0.20625
1 0.5484375 0.27265625 0.140625 0.2734375
1 0.5765625 0.1453125 0.084375 0.13125
9 0.596875 0.109375 0.04375 0.025
9 0.553125 0.2203125 0.0953125 0.05625
4 0.809375 0.16953125 0.38125 0.3390625
4 0.73515625 0.24296875 0.2328125 0.3328125
7 0.83046875 0.2609375 0.3390625 0.296875
6 0.309375 0.7046875 0.61875 0.590625
5 0.809375 0.7046875 0.38125 0.590625