4 0.3578125 0.15078125 0.215625 0.3015625
1 0.3296875 0.41640625 0.26875 0.2671875
3 0.09375 0.38046875 0.1875 0.3390625
3 0.17578125 0.45390625 0.2796875 0.1921875
3 0.26171875 0.4703125 0.5234375 0.159375
7 0.0671875 0.165625 0.134375 0.33125
7 0.109375 0.103125 0.21875 0.20625
9 0.38359375 0.3953125 0.1 0.0734375
5 0.78984375 0.275 0.4203125 0.55
8 0.12109375 0.740625 0.1421875 0.146875
7 0.375 0.77265625 0.39375 0.4453125
7 0.078125 0.70078125 0.15625 0.3015625
7 0.11953125 0.85625 0.2390625 0.2875
4 0.45078125 0.95703125 0.2578125 0.0859375
9 0.8953125 0.80859375 0.209375 0.2703125