8 0.24375 0.40390625 0.13125 0.2171875
7 0.075 0.29453125 0.15 0.5890625
7 0.1546875 0.46953125 0.309375 0.2390625
7 0.1546875 0.52265625 0.309375 0.1328125
1 0.6546875 0.29453125 0.690625 0.5890625
9 0.678125 0.0234375 0.375 0.046875
4 0.08046875 0.68125 0.1609375 0.184375
1 0.046875 0.87109375 0.09375 0.2578125
3 0.203125 0.896875 0.2125 0.20625
3 0.1046875 0.93359375 0.209375 0.1328125
3 0.11796875 0.93203125 0.2359375 0.1359375
7 0.25625 0.684375 0.10625 0.190625
2 0.7859375 0.73203125 0.353125 0.2859375