7 0.25703125 0.30390625 0.296875 0.565625
7 0.265625 0.49453125 0.209375 0.2109375
7 0.4109375 0.48828125 0.115625 0.2234375
8 0.2953125 0.03203125 0.103125 0.0640625
8 0.2921875 0.39140625 0.1078125 0.1078125
4 0.03203125 0.39375 0.0640625 0.4125
0 0.9046875 0.25703125 0.190625 0.4078125
8 0.275 0.84921875 0.059375 0.084375
8 0.21171875 0.9671875 0.0640625 0.065625
7 0.371875 0.9109375 0.19375 0.178125
7 0.33125 0.7640625 0.275 0.209375
7 0.29609375 0.66484375 0.3453125 0.1296875
2 0.72890625 0.8359375 0.5203125 0.328125