6 0.11328125 0.5578125 0.2265625 0.503125
4 0.88515625 0.353125 0.2296875 0.58125
4 0.74140625 0.3671875 0.2296875 0.5546875
4 0.30625 0.43125 0.09375 0.68125
1 0.64140625 0.54609375 0.1671875 0.2578125
1 0.51484375 0.56640625 0.1640625 0.259375
1 0.3828125 0.55859375 0.1859375 0.328125
9 0.62109375 0.44921875 0.05 0.03125
9 0.4890625 0.471875 0.05 0.0265625
9 0.35234375 0.42734375 0.053125 0.025
2 0.14453125 0.91953125 0.2296875 0.1609375
2 0.0984375 0.9046875 0.196875 0.190625
6 0.65390625 0.9046875 0.5765625 0.190625