1 0.21328125 0.30078125 0.2359375 0.2578125
3 0.08671875 0.1625 0.1375 0.171875
2 0.45 0.159375 0.2 0.215625
2 0.5921875 0.2453125 0.2359375 0.2109375
2 0.59765625 0.10625 0.2140625 0.0921875
2 0.8171875 0.140625 0.365625 0.28125
2 0.78203125 0.203125 0.20625 0.246875
6 0.175 0.66796875 0.35 0.4765625
6 0.0796875 0.83125 0.159375 0.3375
6 0.1953125 0.8578125 0.309375 0.284375
6 0.87265625 0.68125 0.215625 0.46875
6 0.5609375 0.75859375 0.421875 0.4828125
6 0.70546875 0.94765625 0.5328125 0.1046875