3 0.39609375 0.15390625 0.3859375 0.3078125
3 0.10390625 0.0671875 0.2015625 0.134375
3 0.05234375 0.1515625 0.1046875 0.303125
1 0.20625 0.2421875 0.2359375 0.35
1 0.33828125 0.38984375 0.2359375 0.3203125
9 0.3625 0.315625 0.10625 0.0703125
9 0.1828125 0.2 0.0953125 0.0890625
7 0.81953125 0.17734375 0.3609375 0.2109375
7 0.940625 0.1765625 0.11875 0.19375
7 0.871875 0.41484375 0.25625 0.1484375
8 0.98984375 0.48046875 0.0203125 0.0578125
0 0.1609375 0.6046875 0.253125 0.0703125
0 0.52578125 0.83125 0.1265625 0.2375
3 0.8203125 0.871875 0.26875 0.25625
3 0.7359375 0.725 0.265625 0.3265625