1 0.02421875 0.3578125 0.0484375 0.3
3 0.3625 0.44140625 0.353125 0.2359375
3 0.3203125 0.30546875 0.19375 0.3109375
3 0.1671875 0.39453125 0.334375 0.3296875
7 0.17734375 0.17109375 0.3546875 0.3421875
7 0.459375 0.10703125 0.159375 0.2140625
4 0.45546875 0.1921875 0.1671875 0.384375
4 0.19375 0.05234375 0.259375 0.1046875
2 0.76953125 0.27421875 0.4609375 0.5484375
4 0.26953125 0.7796875 0.5390625 0.440625
4 0.7484375 0.61328125 0.209375 0.1078125
3 0.9265625 0.76015625 0.146875 0.4015625
3 0.7515625 0.73046875 0.425 0.3296875
3 0.81328125 0.87890625 0.3734375 0.2421875
7 0.63515625 0.82890625 0.1921875 0.3421875