1 0.45703125 0.07265625 0.5046875 0.1453125
1 0.30859375 0.2953125 0.4796875 0.46875
7 0.06015625 0.36875 0.1203125 0.228125
9 0.2828125 0.2265625 0.121875 0.1640625
8 0.06875 0.221875 0.1078125 0.1078125
6 0.903125 0.41953125 0.19375 0.2203125
5 0.84765625 0.30703125 0.2765625 0.4453125
7 0.56953125 0.76484375 0.2796875 0.4703125
4 0.45390625 0.6953125 0.2703125 0.33125
4 0.3765625 0.75703125 0.246875 0.4546875
7 0.2328125 0.675 0.1953125 0.2578125
1 0.171875 0.87265625 0.26875 0.2546875
9 0.20390625 0.825 0.0890625 0.084375
1 0.05234375 0.79375 0.1046875 0.21875
9 0.02578125 0.71640625 0.0515625 0.0421875
7 0.8921875 0.7796875 0.215625 0.390625
8 0.7625 0.71796875 0.0953125 0.1140625