5 0.134375 0.19453125 0.26875 0.3890625
2 0.759375 0.19453125 0.48125 0.3890625
3 0.9390625 0.07109375 0.121875 0.1421875
1 0.96484375 0.1546875 0.0703125 0.15
9 0.99140625 0.20078125 0.0171875 0.0203125
7 0.9375 0.2765625 0.125 0.171875
8 0.9109375 0.36171875 0.059375 0.0546875
8 0.515625 0.29765625 0.0578125 0.0484375
3 0.5171875 0.19140625 0.190625 0.3125
5 0.134375 0.69453125 0.26875 0.6109375
2 0.62578125 0.69453125 0.7140625 0.6109375
3 0.30390625 0.6046875 0.0703125 0.403125
3 0.771875 0.45859375 0.16875 0.1390625
1 0.8390625 0.55234375 0.1390625 0.2078125
7 0.8140625 0.715625 0.265625 0.2625
8 0.75625 0.79921875 0.0828125 0.0875