3 0.49453125 0.32890625 0.2703125 0.2015625
7 0.421875 0.2078125 0.415625 0.28125
7 0.52421875 0.0671875 0.2109375 0.134375
4 0.11875 0.271875 0.2375 0.315625
4 0.17890625 0.35625 0.3328125 0.146875
9 0.78046875 0.0765625 0.109375 0.059375
1 0.81484375 0.23046875 0.3703125 0.3984375
1 0.69375 0.24453125 0.128125 0.3703125
8 0.4171875 0.65 0.0671875 0.0546875
8 0.38671875 0.6328125 0.040625 0.053125
8 0.0421875 0.740625 0.0546875 0.0640625
8 0.03515625 0.84453125 0.0484375 0.05625
7 0.1078125 0.53203125 0.215625 0.2046875
7 0.18046875 0.640625 0.3609375 0.234375
7 0.17734375 0.875 0.2828125 0.20625
7 0.39296875 0.8296875 0.2265625 0.3171875
7 0.209375 0.77109375 0.3125 0.203125
7 0.81484375 0.55703125 0.3703125 0.2546875
4 0.73125 0.5671875 0.203125 0.275
3 0.8515625 0.88359375 0.296875 0.2328125
3 0.78671875 0.73046875 0.3140625 0.2703125
8 0.80234375 0.98515625 0.0796875 0.0296875
3 0.81484375 0.9109375 0.3703125 0.178125
8 0.8046875 0.9875 0.065625 0.025
1 0.65703125 0.86640625 0.0546875 0.2671875