3 0.19921875 0.41953125 0.3796875 0.1609375
3 0.29296875 0.31953125 0.1921875 0.2703125
3 0.22109375 0.17890625 0.296875 0.209375
7 0.09453125 0.3953125 0.1890625 0.209375
7 0.171875 0.0609375 0.34375 0.121875
7 0.0609375 0.19140625 0.121875 0.3015625
1 0.34453125 0.16796875 0.0890625 0.2953125
1 0.13046875 0.33828125 0.2140625 0.2390625
9 0.10625 0.3375 0.0828125 0.078125
8 0.3484375 0.01171875 0.040625 0.0234375
8 0.025 0.04453125 0.05 0.0890625
5 0.68984375 0.27734375 0.6015625 0.4453125
2 0.19453125 0.71484375 0.3890625 0.4296875
1 0.821875 0.75 0.35625 0.5
9 0.81796875 0.528125 0.0921875 0.05625