7 0.44609375 0.1609375 0.1859375 0.321875
7 0.2046875 0.090625 0.409375 0.18125
8 0.5109375 0.028125 0.05625 0.05625
4 0.23046875 0.103125 0.2046875 0.20625
3 0.1328125 0.38203125 0.265625 0.1953125
3 0.19140625 0.234375 0.3359375 0.2578125
3 0.26953125 0.40625 0.5390625 0.146875
1 0.4109375 0.35546875 0.2375 0.2484375
9 0.46328125 0.334375 0.0953125 0.0765625
2 0.76953125 0.23984375 0.4609375 0.4796875
6 0.1828125 0.5828125 0.278125 0.20625
6 0.37265625 0.5703125 0.3203125 0.18125
6 0.45703125 0.65390625 0.1640625 0.3328125
6 0.2421875 0.721875 0.3296875 0.215625
7 0.43359375 0.890625 0.1078125 0.21875
7 0.5140625 0.8984375 0.05 0.115625
8 0.45390625 0.78125 0.0359375 0.0203125
8 0.496875 0.85234375 0.034375 0.040625
1 0.496875 0.95859375 0.084375 0.0828125
0 0.89609375 0.67578125 0.2078125 0.3921875
0 0.95546875 0.68046875 0.0890625 0.4015625