3 0.328125 0.14921875 0.403125 0.2984375
3 0.2046875 0.41171875 0.409375 0.3765625
3 0.31640625 0.5015625 0.3640625 0.196875
3 0.63203125 0.11015625 0.2046875 0.2203125
3 0.5703125 0.28359375 0.08125 0.2609375
1 0.63046875 0.4453125 0.2015625 0.309375
9 0.61328125 0.44296875 0.1125 0.109375
4 0.809375 0.065625 0.225 0.13125
4 0.80703125 0.27421875 0.3640625 0.5484375
2 0.26484375 0.8 0.5296875 0.4
9 0.88515625 0.65703125 0.1328125 0.1140625
1 0.65078125 0.80234375 0.2421875 0.3953125
1 0.8609375 0.8 0.278125 0.4