2 0.03671875 0.20234375 0.0734375 0.4046875
5 0.2234375 0.3421875 0.23125 0.234375
3 0.25625 0.18046875 0.165625 0.1078125
8 0.1953125 0.190625 0.025 0.03125
1 0.15078125 0.1921875 0.0609375 0.0953125
9 0.14296875 0.2234375 0.015625 0.0171875
3 0.0765625 0.1734375 0.1234375 0.0890625
3 0.0703125 0.2328125 0.11875 0.1
5 0.18046875 0.24375 0.0546875 0.059375
7 0.2515625 0.29453125 0.1265625 0.10625
8 0.20703125 0.278125 0.0234375 0.028125
5 0.66640625 0.2296875 0.6546875 0.459375
7 0.1859375 0.46640625 0.078125 0.0140625
2 0.209375 0.71171875 0.259375 0.4796875
5 0.66953125 0.7296875 0.6609375 0.540625