7 0.34453125 0.27578125 0.1890625 0.3078125
7 0.1375 0.15546875 0.275 0.3109375
8 0.40234375 0.11875 0.0734375 0.1
4 0.1046875 0.1703125 0.18125 0.340625
3 0.12265625 0.3421875 0.2453125 0.175
1 0.3140625 0.39609375 0.228125 0.0671875
2 0.6984375 0.16328125 0.51875 0.3265625
7 0.37265625 0.51171875 0.1140625 0.1640625
4 0.2125 0.62109375 0.1875 0.3828125
1 0.04765625 0.865625 0.0953125 0.26875
3 0.33671875 0.68984375 0.15625 0.378125
2 0.66640625 0.71484375 0.4546875 0.5703125
2 0.909375 0.79609375 0.18125 0.4078125