7 0.56171875 0.20078125 0.3140625 0.3984375
7 0.21015625 0.21640625 0.234375 0.334375
3 0.51328125 0.1265625 0.3921875 0.253125
3 0.09375 0.13046875 0.1875 0.2609375
1 0.10078125 0.028125 0.2015625 0.05625
1 0.34375 0.0828125 0.16875 0.165625
4 0.09921875 0.24296875 0.1984375 0.3140625
4 0.40859375 0.2 0.3171875 0.4
9 0.3734375 0.08359375 0.046875 0.05625
8 0.23203125 0.0578125 0.1171875 0.115625
7 0.896875 0.2 0.20625 0.4
4 0.8953125 0.09609375 0.209375 0.1921875
2 0.359375 0.7 0.71875 0.6
0 0.79296875 0.6515625 0.1484375 0.18125
0 0.7796875 0.89921875 0.121875 0.2015625
0 0.771875 0.8375 0.10625 0.225
0 0.73125 0.81875 0.025 0.196875