4 0.20546875 0.10703125 0.2203125 0.2140625
3 0.20390625 0.23984375 0.4078125 0.1984375
3 0.46171875 0.23046875 0.2765625 0.2171875
8 0.46640625 0.21953125 0.11875 0.1234375
7 0.078125 0.16953125 0.15625 0.3390625
7 0.4921875 0.109375 0.20625 0.21875
1 0.50703125 0.14375 0.1859375 0.165625
8 0.83359375 0.05078125 0.1234375 0.1015625
7 0.77109375 0.18984375 0.3171875 0.2984375
4 0.2875 0.71875 0.5375 0.5625
4 0.7125 0.51796875 0.225 0.3578125
4 0.91875 0.71875 0.1625 0.5625
8 0.890625 0.5625 0.134375 0.146875
7 0.865625 0.746875 0.246875 0.3625
3 0.696875 0.76015625 0.19375 0.2546875
1 0.734375 0.89296875 0.26875 0.2140625
9 0.76328125 0.93828125 0.10625 0.103125