3 0.17734375 0.09453125 0.1796875 0.1890625
3 0.04140625 0.38671875 0.0828125 0.1640625
7 0.5671875 0.3171875 0.25625 0.3
4 0.62421875 0.109375 0.3015625 0.21875
1 0.875 0.2234375 0.221875 0.446875
9 0.92421875 0.10234375 0.0859375 0.1203125
9 0.74453125 0.453125 0.1171875 0.03125
1 0.68046875 0.4140625 0.3765625 0.109375
8 0.72734375 0.31015625 0.0875 0.1296875
4 0.21953125 0.6234375 0.4390625 0.25625
4 0.21953125 0.90546875 0.4390625 0.1890625
6 0.58828125 0.69609375 0.2984375 0.4546875
6 0.75859375 0.7671875 0.25 0.4453125
6 0.9265625 0.78515625 0.146875 0.3484375
6 0.5453125 0.8140625 0.171875 0.371875
6 0.83828125 0.625 0.3234375 0.3125