2 0.22578125 0.284375 0.4515625 0.56875
3 0.58515625 0.459375 0.1921875 0.21875
3 0.5765625 0.31171875 0.175 0.3484375
3 0.7453125 0.409375 0.340625 0.31875
4 0.72734375 0.03515625 0.2328125 0.0703125
1 0.940625 0.4046875 0.11875 0.2875
7 0.76875 0.15546875 0.428125 0.3109375
4 0.1703125 0.6609375 0.1375 0.184375
7 0.29296875 0.64921875 0.1796875 0.1609375
1 0.27109375 0.67578125 0.1828125 0.2140625
7 0.4171875 0.68984375 0.14375 0.1546875
8 0.45625 0.69609375 0.065625 0.0859375
9 0.84921875 0.78515625 0.1890625 0.18125
1 0.8515625 0.78984375 0.296875 0.3515625