5 0.1125 0.03671875 0.128125 0.0734375
5 0.2390625 0.2828125 0.3796875 0.4671875
7 0.3546875 0.1109375 0.103125 0.1015625
8 0.365625 0.0609375 0.0265625 0.01875
1 0.453125 0.0140625 0.09375 0.028125
9 0.41328125 0.0046875 0.0109375 0.009375
5 0.40625 0.0421875 0.0546875 0.053125
3 0.48125 0.10390625 0.075 0.2078125
6 0.2046875 0.69609375 0.3125 0.0859375
6 0.49375 0.6984375 0.33125 0.08125
6 0.54453125 0.6171875 0.2296875 0.24375
5 0.7484375 0.3 0.178125 0.4875
5 0.3296875 0.9671875 0.659375 0.065625
1 0.8984375 0.86953125 0.203125 0.2609375