2 0.6859375 0.221875 0.378125 0.3484375
7 0.859375 0.05625 0.03125 0.0875
5 0.4671875 0.3390625 0.078125 0.05625
5 0.3421875 0.4109375 0.2296875 0.2578125
5 0.45 0.7578125 0.44375 0.484375
5 0.659375 0.53125 0.053125 0.04375
3 0.65625 0.43125 0.0828125 0.0953125
3 0.7171875 0.43125 0.065625 0.0953125
1 0.7078125 0.5015625 0.090625 0.0515625
9 0.6703125 0.4953125 0.0171875 0.015625
3 0.734375 0.6234375 0.0796875 0.196875
8 0.7109375 0.5359375 0.025 0.0171875
8 0.6234375 0.5515625 0.0265625 0.0171875
7 0.6109375 0.5984375 0.0953125 0.1078125