6 0.13359375 0.22265625 0.2671875 0.3546875
6 0.17734375 0.33046875 0.3546875 0.1390625
4 0.684375 0.2 0.63125 0.4
2 0.184375 0.7 0.36875 0.6
7 0.26875 0.553125 0.2 0.26875
1 0.309375 0.43828125 0.11875 0.0765625
3 0.1421875 0.6375 0.284375 0.340625
3 0.20546875 0.884375 0.3265625 0.23125
7 0.8109375 0.85546875 0.378125 0.2890625
8 0.45234375 0.484375 0.10625 0.103125
7 0.496875 0.66328125 0.2015625 0.315625
4 0.71640625 0.70390625 0.25 0.35625
4 0.4203125 0.59296875 0.103125 0.3234375
1 0.42578125 0.78046875 0.1140625 0.2671875
3 0.5984375 0.86640625 0.2125 0.2671875
3 0.4984375 0.93828125 0.259375 0.1234375
8 0.8765625 0.77421875 0.1703125 0.1671875