8 0.49375 0.128125 0.084375 0.0640625
8 0.59765625 0.24375 0.0234375 0.096875
7 0.4375 0.23203125 0.225 0.1953125
7 0.3203125 0.16484375 0.403125 0.3296875
7 0.26875 0.28671875 0.5375 0.0859375
9 0.94453125 0.10546875 0.1109375 0.0671875
9 0.728125 0.0296875 0.109375 0.059375
1 0.82265625 0.18515625 0.3546875 0.2890625
1 0.7234375 0.16484375 0.228125 0.3296875
1 0.4625 0.69765625 0.29375 0.4234375
1 0.190625 0.56875 0.38125 0.4375
1 0.28125 0.86953125 0.5625 0.2609375
9 0.1703125 0.47265625 0.1625 0.096875
9 0.3578125 0.8671875 0.1640625 0.090625
5 0.8046875 0.66484375 0.390625 0.6703125