1 0.56171875 0.1625 0.2140625 0.26875
3 0.58828125 0.3625 0.1609375 0.175
3 0.47421875 0.3546875 0.2140625 0.190625
3 0.2453125 0.225 0.365625 0.45
7 0.32890625 0.0375 0.1 0.075
9 0.6234375 0.1390625 0.090625 0.1
4 0.71328125 0.28203125 0.0890625 0.3359375
3 0.834375 0.27578125 0.33125 0.3484375
8 0.9390625 0.2484375 0.121875 0.159375
3 0.57109375 0.62734375 0.1953125 0.3546875
3 0.4125 0.73359375 0.38125 0.475
1 0.325 0.50859375 0.24375 0.1171875
9 0.3296875 0.4671875 0.0875 0.034375
9 0.75078125 0.9671875 0.0515625 0.065625
1 0.7828125 0.81953125 0.228125 0.3609375