2 0.20234375 0.1171875 0.4046875 0.234375
3 0.371875 0.0625 0.175 0.125
3 0.39921875 0.0203125 0.1828125 0.040625
1 0.50859375 0.03046875 0.1203125 0.0609375
8 0.49296875 0.03984375 0.040625 0.05
7 0.5671875 0.09609375 0.14375 0.1796875
5 0.22734375 0.36171875 0.1421875 0.15
5 0.4484375 0.35703125 0.321875 0.2046875
5 0.55546875 0.409375 0.1671875 0.1
5 0.81953125 0.196875 0.3609375 0.39375
9 0.35546875 0.48125 0.0859375 0.04375
1 0.3703125 0.61875 0.359375 0.31875
5 0.81953125 0.7296875 0.3609375 0.540625