7 0.509375 0.25703125 0.1 0.5140625
4 0.32265625 0.215625 0.4046875 0.43125
3 0.23828125 0.51640625 0.2609375 0.1265625
1 0.403125 0.4515625 0.3125 0.25625
9 0.3609375 0.46953125 0.1515625 0.1140625
0 0.85625 0.11796875 0.1875 0.2359375
0 0.85 0.29453125 0.3 0.2109375
0 0.84453125 0.45625 0.3109375 0.246875
7 0.32578125 0.67734375 0.2171875 0.1953125
7 0.48125 0.640625 0.15625 0.121875
1 0.50546875 0.9375 0.1078125 0.125
1 0.0609375 0.88046875 0.121875 0.2390625
3 0.309375 0.8390625 0.33125 0.321875
3 0.1265625 0.940625 0.234375 0.11875
6 0.7796875 0.78984375 0.440625 0.4203125
7 0.821875 0.63984375 0.23125 0.1203125