5 0.15 0.459375 0.3 0.359375
3 0.21953125 0.2640625 0.2015625 0.103125
8 0.29296875 0.29375 0.0234375 0.0296875
1 0.33515625 0.30859375 0.0578125 0.0953125
9 0.3359375 0.34140625 0.0171875 0.01875
3 0.38046875 0.31171875 0.0578125 0.0859375
3 0.37734375 0.3703125 0.0640625 0.096875
5 0.29375 0.35078125 0.053125 0.059375
7 0.21015625 0.3796875 0.125 0.103125
8 0.2578125 0.37578125 0.025 0.028125
5 0.7046875 0.32578125 0.590625 0.6265625
5 0.228125 0.81953125 0.3625 0.3609375
5 0.20234375 0.934375 0.4046875 0.13125
5 0.69453125 0.746875 0.159375 0.1640625
5 0.7046875 0.884375 0.590625 0.23125