0 0.0734375 0.178125 0.146875 0.35625
0 0.2703125 0.165625 0.109375 0.2921875
0 0.49453125 0.13515625 0.0890625 0.2703125
3 0.76953125 0.3875 0.4609375 0.325
8 0.3390625 0.63515625 0.05 0.05
8 0.12109375 0.72578125 0.0625 0.0609375
8 0.0390625 0.7390625 0.0671875 0.0578125
8 0.10625 0.8671875 0.0796875 0.065625
8 0.440625 0.92734375 0.0703125 0.0578125
3 0.3375 0.7796875 0.2125 0.3078125
3 0.19453125 0.83984375 0.2078125 0.3203125
3 0.065625 0.7796875 0.13125 0.2625
3 0.4859375 0.8671875 0.10625 0.221875
3 0.13515625 0.89921875 0.2703125 0.2015625
3 0.30390625 0.915625 0.4703125 0.16875
3 0.4671875 0.7015625 0.14375 0.3
1 0.70234375 0.775 0.3265625 0.45