8 0.06328125 0.390625 0.1171875 0.0375
8 0.30703125 0.0796875 0.1359375 0.140625
7 0.29921875 0.25234375 0.2953125 0.3140625
5 0.784375 0.2765625 0.43125 0.265625
8 0.16796875 0.48828125 0.04375 0.0640625
8 0.12734375 0.509375 0.0546875 0.0453125
7 0.1796875 0.71953125 0.1859375 0.3796875
7 0.4078125 0.62890625 0.321875 0.1671875
7 0.41640625 0.75234375 0.3046875 0.1859375
7 0.37734375 0.48125 0.3828125 0.14375
3 0.640625 0.45 0.14375 0.08125
3 0.796875 0.634375 0.26875 0.428125
3 0.60703125 0.628125 0.0765625 0.375
3 0.7515625 0.92421875 0.225 0.115625