3 0.13046875 0.05078125 0.2609375 0.1015625
1 0.29140625 0.16328125 0.1953125 0.3265625
8 0.728125 0.13125 0.075 0.0484375
8 0.89921875 0.203125 0.09375 0.0765625
8 0.94375 0.12578125 0.078125 0.0484375
7 0.9375 0.265625 0.125 0.228125
7 0.909375 0.30859375 0.1625 0.1421875
7 0.73203125 0.26640625 0.1359375 0.2265625
7 0.6078125 0.18984375 0.196875 0.3796875
3 0.18984375 0.690625 0.3796875 0.61875
3 0.38046875 0.68984375 0.2578125 0.6203125
8 0.0796875 0.6703125 0.159375 0.234375
0 0.88828125 0.4796875 0.2140625 0.2