3 0.5171875 0.13203125 0.14375 0.2640625
3 0.3671875 0.17734375 0.2453125 0.2828125
1 0.259375 0.0984375 0.284375 0.196875
9 0.20703125 0.0171875 0.1171875 0.034375
9 0.40078125 0.26875 0.096875 0.08125
1 0.4453125 0.24453125 0.284375 0.1484375
1 0.765625 0.13046875 0.353125 0.2609375
1 0.79453125 0.24140625 0.4109375 0.1546875
9 0.68515625 0.0109375 0.0828125 0.021875
9 0.63359375 0.3015625 0.0828125 0.034375
6 0.17578125 0.59296875 0.3515625 0.5484375
6 0.378125 0.71015625 0.35625 0.5796875
6 0.23125 0.8265625 0.4625 0.346875
1 0.71015625 0.34921875 0.2421875 0.0609375
3 0.73828125 0.584375 0.2984375 0.25625
3 0.7140625 0.77109375 0.25 0.3640625