1 0.15390625 0.309375 0.1921875 0.275
7 0.125 0.16015625 0.25 0.3203125
6 0.6171875 0.1234375 0.55625 0.246875
6 0.45625 0.2109375 0.4125 0.421875
6 0.5515625 0.35390625 0.56875 0.2515625
8 0.08515625 0.72578125 0.0578125 0.0859375
7 0.16640625 0.659375 0.1671875 0.25
7 0.1453125 0.88515625 0.209375 0.2296875
1 0.146875 0.81953125 0.20625 0.2296875
7 0.78125 0.55234375 0.19375 0.1453125
8 0.68515625 0.49453125 0.0328125 0.0296875
6 0.5328125 0.58828125 0.371875 0.2171875
6 0.67734375 0.9453125 0.3203125 0.109375
6 0.84609375 0.7234375 0.3078125 0.334375
6 0.64453125 0.77109375 0.3546875 0.3375