2 0.18046875 0.14140625 0.3609375 0.2828125
5 0.3953125 0.08671875 0.125 0.10625
5 0.4609375 0.2828125 0.08125 0.296875
5 0.32734375 0.4390625 0.4640625 0.140625
3 0.1078125 0.259375 0.1515625 0.1828125
3 0.03984375 0.26953125 0.0796875 0.1859375
1 0.05625 0.3796875 0.1125 0.096875
9 0.09609375 0.3671875 0.021875 0.021875
5 0.125 0.42890625 0.1 0.0890625
8 0.04453125 0.4421875 0.0375 0.03125
8 0.18203125 0.4625 0.0453125 0.028125
7 0.21640625 0.48515625 0.1765625 0.0484375
2 0.78984375 0.2546875 0.4203125 0.509375
3 0.715625 0.08984375 0.1375 0.1796875
1 0.63671875 0.10390625 0.1140625 0.1859375
7 0.6671875 0.29296875 0.175 0.2609375
5 0.28984375 0.7546875 0.5796875 0.490625
1 0.72734375 0.88515625 0.2953125 0.2296875