2 0.3578125 0.41875 0.3796875 0.2734375
6 0.6796875 0.21875 0.15 0.1578125
7 0.5 0.278125 0.0515625 0.065625
8 0.515625 0.3015625 0.0140625 0.021875
5 0.15625 0.5265625 0.0625 0.0546875
5 0.3546875 0.6484375 0.0453125 0.046875
5 0.1359375 0.6515625 0.0203125 0.0859375
7 0.3109375 0.7078125 0.0890625 0.1015625
8 0.321875 0.6671875 0.0265625 0.01875
1 0.39375 0.6125 0.0828125 0.0453125
9 0.3609375 0.6125 0.0140625 0.021875
3 0.4265625 0.7015625 0.0734375 0.171875
3 0.340625 0.5671875 0.0671875 0.0859375
3 0.39375 0.5546875 0.0546875 0.0734375
5 0.25 0.8296875 0.25 0.3375