7 0.08515625 0.1125 0.1390625 0.225
7 0.05625 0.23046875 0.1125 0.1578125
7 0.19140625 0.19375 0.1453125 0.23125
7 0.45859375 0.1546875 0.3671875 0.309375
8 0.18203125 0.06484375 0.08125 0.0703125
8 0.01171875 0.13359375 0.0234375 0.0859375
4 0.78515625 0.1578125 0.2515625 0.175
3 0.77890625 0.04765625 0.2390625 0.0953125
7 0.8296875 0.24609375 0.340625 0.1265625
1 0.90703125 0.0546875 0.1859375 0.109375
9 0.93515625 0.08671875 0.046875 0.0171875
5 0.4125 0.52421875 0.2640625 0.1515625
3 0.7359375 0.58671875 0.153125 0.3453125
1 0.73359375 0.42890625 0.1484375 0.2390625
9 0.72421875 0.3359375 0.1234375 0.053125