4 0.05703125 0.16953125 0.1140625 0.3390625
4 0.246875 0.428125 0.484375 0.0625
3 0.26015625 0.040625 0.3703125 0.08125
3 0.30859375 0.121875 0.1578125 0.24375
3 0.3296875 0.31953125 0.296875 0.1859375
8 0.17109375 0.0890625 0.0796875 0.0859375
1 0.17734375 0.15625 0.146875 0.228125
7 0.13671875 0.25546875 0.175 0.309375
1 0.44375 0.2953125 0.090625 0.259375
3 0.68984375 0.2296875 0.3609375 0.459375
3 0.29140625 0.81875 0.3953125 0.353125
3 0.28203125 0.590625 0.1796875 0.2578125
3 0.34140625 0.4890625 0.2859375 0.059375
1 0.171875 0.52578125 0.13125 0.1328125
1 0.42734375 0.5796875 0.1234375 0.221875
9 0.46796875 0.5765625 0.0421875 0.071875
7 0.74453125 0.77578125 0.5109375 0.4484375