4 0.17265625 0.078125 0.3453125 0.15625
1 0.42109375 0.1390625 0.1765625 0.278125
1 0.31953125 0.28984375 0.3796875 0.3390625
9 0.3671875 0.24375 0.125 0.10625
7 0.20390625 0.20859375 0.4078125 0.3421875
8 0.33359375 0.125 0.078125 0.065625
4 0.8609375 0.03515625 0.2125 0.0703125
4 0.65625 0.08046875 0.278125 0.1609375
7 0.77109375 0.1953125 0.4578125 0.3125
1 0.9546875 0.203125 0.090625 0.2625
8 0.98359375 0.0703125 0.0328125 0.084375
6 0.06953125 0.7328125 0.1390625 0.534375
6 0.21796875 0.73359375 0.4359375 0.5328125
6 0.37578125 0.8 0.2671875 0.4
6 0.7546875 0.7296875 0.490625 0.540625