2 0.1359375 0.12890625 0.271875 0.2578125
2 0.19453125 0.26015625 0.3890625 0.2796875
5 0.69453125 0.2 0.6109375 0.4
2 0.12265625 0.5578125 0.2453125 0.315625
2 0.06015625 0.740625 0.0875 0.1125
5 0.1609375 0.8484375 0.321875 0.303125
5 0.30390625 0.7734375 0.1703125 0.453125
3 0.35859375 0.5109375 0.0609375 0.128125
8 0.35234375 0.5125 0.028125 0.034375
1 0.3078125 0.5109375 0.06875 0.1015625
9 0.2953125 0.54296875 0.01875 0.0203125
3 0.23046875 0.48515625 0.13125 0.1015625
3 0.21875 0.54453125 0.128125 0.1125
5 0.3328125 0.5671875 0.0609375 0.065625
7 0.3609375 0.62578125 0.05625 0.1171875
8 0.35546875 0.6046875 0.028125 0.03125
5 0.69453125 0.7 0.6109375 0.6