4 0.15703125 0.246875 0.2703125 0.49375
4 0.50390625 0.25390625 0.19375 0.35625
7 0.634375 0.24609375 0.06875 0.4921875
7 0.2921875 0.21640625 0.1703125 0.234375
7 0.6109375 0.25 0.115625 0.334375
3 0.63828125 0.50234375 0.0609375 0.0734375
3 0.36875 0.440625 0.6 0.196875
8 0.65703125 0.07734375 0.0234375 0.0296875
8 0.30859375 0.090625 0.078125 0.0515625
8 0.59921875 0.49609375 0.1046875 0.0859375
1 0.303125 0.346875 0.1890625 0.109375
2 0.834375 0.2171875 0.33125 0.434375
2 0.334375 0.76953125 0.66875 0.4609375
2 0.834375 0.76953125 0.33125 0.4609375