2 0.2546875 0.1 0.509375 0.2
1 0.78671875 0.0828125 0.2796875 0.165625
7 0.6125 0.1 0.20625 0.2
2 0.259375 0.45859375 0.38125 0.5171875
8 0.70703125 0.4421875 0.0734375 0.0390625
8 0.859375 0.42109375 0.065625 0.0453125
8 0.91953125 0.47578125 0.090625 0.0671875
8 0.97890625 0.8625 0.0421875 0.0875
7 0.5875 0.53515625 0.15625 0.6546875
7 0.721875 0.61328125 0.153125 0.3125
7 0.8546875 0.603125 0.115625 0.3234375
7 0.91796875 0.66796875 0.1640625 0.3328125
7 0.73671875 0.8703125 0.4546875 0.259375