6 0.4375 0.05859375 0.303125 0.1171875
7 0.07109375 0.21796875 0.1421875 0.3859375
4 0.12734375 0.26328125 0.2546875 0.5140625
4 0.29765625 0.5859375 0.4890625 0.046875
3 0.375 0.2 0.3828125 0.2375
3 0.40703125 0.328125 0.1875 0.2765625
3 0.396875 0.515625 0.3125 0.1875
8 0.51328125 0.17578125 0.05 0.0546875
8 0.27421875 0.28671875 0.0890625 0.09375
1 0.271875 0.35234375 0.1734375 0.2390625
7 0.21953125 0.44375 0.2125 0.321875
1 0.55546875 0.5015625 0.2109375 0.215625
0 0.82578125 0.5453125 0.1296875 0.096875
7 0.36484375 0.8578125 0.7296875 0.284375
5 0.86484375 0.8046875 0.2703125 0.390625