6 0.29453125 0.2296875 0.5890625 0.459375
8 0.63359375 0.0703125 0.0296875 0.08125
7 0.81640625 0.1125 0.3671875 0.19375
7 0.80546875 0.2453125 0.3734375 0.215625
1 0.15390625 0.82109375 0.28125 0.2765625
9 0.259375 0.88671875 0.05 0.04375
7 0.509375 0.8609375 0.21875 0.278125
8 0.41875 0.9875 0.090625 0.025
7 0.41328125 0.57421875 0.1859375 0.2296875
4 0.4 0.5296875 0.21875 0.140625
4 0.4625 0.73828125 0.3125 0.3390625
3 0.296875 0.73125 0.303125 0.203125
3 0.12578125 0.56328125 0.2515625 0.2078125
3 0.1359375 0.5859375 0.140625 0.253125
1 0.26484375 0.5625 0.1671875 0.20625
1 0.92109375 0.55703125 0.1328125 0.1953125
1 0.665625 0.69609375 0.09375 0.2671875
3 0.809375 0.87734375 0.38125 0.2453125
3 0.7640625 0.5265625 0.290625 0.134375
3 0.8140625 0.6921875 0.20625 0.259375