3 0.27578125 0.2265625 0.1328125 0.1390625
2 0.21953125 0.14609375 0.4390625 0.2921875
6 0.303125 0.35078125 0.109375 0.1765625
7 0.5328125 0.13828125 0.1875 0.2765625
1 0.5 0.321875 0.121875 0.234375
9 0.46796875 0.30625 0.0578125 0.096875
4 0.6703125 0.17421875 0.215625 0.3125
4 0.884375 0.16953125 0.23125 0.3390625
7 0.753125 0.37265625 0.4125 0.1328125
8 0.58671875 0.396875 0.0703125 0.084375
6 0.21953125 0.70859375 0.4390625 0.5390625
6 0.8421875 0.71953125 0.315625 0.5609375
6 0.6359375 0.71953125 0.39375 0.5609375