7 0.434375 0.23359375 0.190625 0.4671875
7 0.26796875 0.1125 0.1671875 0.225
7 0.22578125 0.3171875 0.1203125 0.2765625
7 0.315625 0.38828125 0.1296875 0.284375
7 0.44140625 0.3921875 0.1484375 0.3078125
8 0.22265625 0.1609375 0.065625 0.053125
8 0.31015625 0.21796875 0.0734375 0.0609375
8 0.44140625 0.221875 0.075 0.0609375
1 0.57265625 0.24453125 0.0859375 0.4890625
1 0.6734375 0.2203125 0.265625 0.440625
1 0.87578125 0.1953125 0.2359375 0.390625
5 0.26484375 0.7796875 0.5296875 0.440625
3 0.74609375 0.7796875 0.3484375 0.440625