4 0.26015625 0.1359375 0.0796875 0.271875
7 0.1078125 0.121875 0.215625 0.24375
5 0.65 0.1984375 0.7 0.396875
1 0.1640625 0.7078125 0.271875 0.33125
9 0.228125 0.61015625 0.128125 0.0765625
6 0.78671875 0.45625 0.2734375 0.1125
7 0.92109375 0.58359375 0.1578125 0.1015625
8 0.84296875 0.5984375 0.0234375 0.0375
1 0.59296875 0.7765625 0.5109375 0.446875
3 0.48828125 0.83515625 0.121875 0.2140625
7 0.41015625 0.9703125 0.1328125 0.059375
1 0.40390625 0.871875 0.1015625 0.1703125
9 0.3859375 0.92265625 0.0390625 0.0296875