3 0.2375 0.0828125 0.36875 0.165625
2 0.61484375 0.0921875 0.3296875 0.184375
2 0.85234375 0.11328125 0.2953125 0.2265625
2 0.60546875 0.25 0.3109375 0.5
2 0.79375 0.28828125 0.4125 0.3984375
8 0.0171875 0.64296875 0.034375 0.0546875
8 0.24140625 0.60078125 0.0375 0.040625
3 0.1953125 0.76640625 0.390625 0.2921875
3 0.15234375 0.621875 0.303125 0.2078125
3 0.06015625 0.76328125 0.1203125 0.4734375
3 0.14921875 0.55234375 0.2984375 0.1046875
1 0.47890625 0.68828125 0.0578125 0.3546875
3 0.6703125 0.884375 0.440625 0.23125
3 0.696875 0.74921875 0.4 0.209375
3 0.68828125 0.58671875 0.4765625 0.1734375