7 0.30234375 0.1125 0.1734375 0.225
7 0.27265625 0.2984375 0.2328125 0.2625
8 0.20390625 0.2703125 0.0953125 0.065625
2 0.19453125 0.21484375 0.3890625 0.4296875
2 0.7828125 0.21484375 0.434375 0.4296875
2 0.19453125 0.71484375 0.3890625 0.5703125
3 0.56171875 0.88828125 0.3234375 0.2234375
3 0.8140625 0.71953125 0.2453125 0.3046875
7 0.57734375 0.53515625 0.28125 0.2078125
7 0.50625 0.72109375 0.234375 0.2703125
8 0.68828125 0.53828125 0.059375 0.0703125
8 0.40625 0.653125 0.034375 0.059375
2 0.6890625 0.71484375 0.6 0.5703125
6 0.5890625 0.959375 0.4 0.08125