5 0.03125 0.08671875 0.0625 0.1734375
5 0.21328125 0.3125 0.4140625 0.4125
3 0.36484375 0.01796875 0.1265625 0.0359375
3 0.49296875 0.23828125 0.1171875 0.3109375
1 0.44765625 0.05703125 0.134375 0.078125
9 0.39453125 0.05390625 0.0171875 0.01875
5 0.3765625 0.1171875 0.0890625 0.0765625
8 0.4546875 0.11484375 0.034375 0.0265625
8 0.328125 0.15625 0.040625 0.021875
7 0.3125 0.24609375 0.15 0.159375
5 0.84453125 0.2671875 0.3109375 0.503125
2 0.0703125 0.5984375 0.140625 0.159375
3 0.1703125 0.74765625 0.340625 0.2984375
3 0.13828125 0.8609375 0.2765625 0.278125
1 0.4078125 0.79765625 0.2609375 0.328125
9 0.3703125 0.8875 0.0609375 0.0796875
2 0.9359375 0.66484375 0.128125 0.2921875
2 0.846875 0.86015625 0.30625 0.2796875