8 0.05859375 0.0859375 0.103125 0.090625
8 0.01953125 0.028125 0.0390625 0.05625
7 0.06875 0.1875 0.1375 0.30625
7 0.11328125 0.27109375 0.2265625 0.3359375
7 0.2265625 0.1828125 0.165625 0.365625
7 0.2421875 0.125 0.134375 0.25
7 0.23125 0.2671875 0.15625 0.34375
5 0.6546875 0.21953125 0.690625 0.4390625
5 0.1546875 0.71953125 0.309375 0.5609375
8 0.3546875 0.51640625 0.090625 0.1546875
8 0.73671875 0.79296875 0.3859375 0.403125
7 0.6890625 0.5796875 0.5625 0.28125
7 0.4484375 0.64375 0.278125 0.409375
7 0.3703125 0.87421875 0.121875 0.2515625
7 0.6546875 0.7515625 0.690625 0.496875