4 0.253125 0.1171875 0.29375 0.234375
4 0.09765625 0.1765625 0.1953125 0.353125
7 0.2 0.384375 0.4 0.440625
7 0.80078125 0.28515625 0.33125 0.321875
4 0.5265625 0.51484375 0.253125 0.1890625
4 0.47578125 0.28359375 0.1515625 0.3796875
8 0.8578125 0.18515625 0.1609375 0.1953125
1 0.53828125 0.11171875 0.2765625 0.2234375
9 0.50234375 0.0484375 0.1109375 0.096875
2 0.2 0.8046875 0.4 0.390625
3 0.2390625 0.73359375 0.30625 0.196875
3 0.18984375 0.88046875 0.3328125 0.2390625
6 0.7 0.8046875 0.6 0.390625