7 0.4546875 0.328125 0.2234375 0.5046875
7 0.421875 0.5640625 0.1640625 0.3015625
7 0.234375 0.525 0.1890625 0.284375
8 0.4453125 0.0515625 0.090625 0.09375
8 0.4140625 0.4046875 0.090625 0.090625
8 0.19375 0.3640625 0.09375 0.0875
0 0.1640625 0.1859375 0.078125 0.0421875
0 0.1640625 0.2078125 0.0703125 0.0375
0 0.190625 0.23125 0.08125 0.0484375
4 0.71875 0.446875 0.153125 0.38125
4 0.8046875 0.596875 0.1390625 0.39375
1 0.2546875 0.9234375 0.175 0.153125
1 0.759375 0.81875 0.2 0.2734375
3 0.46875 0.8125 0.2671875 0.3328125
3 0.646875 0.903125 0.1953125 0.19375
3 0.81875 0.9296875 0.1109375 0.140625
9 0.8 0.7734375 0.0859375 0.053125