5 0.39296875 0.23984375 0.4328125 0.4796875
3 0.77578125 0.21484375 0.3328125 0.4296875
3 0.63828125 0.325 0.0578125 0.25625
8 0.7234375 0.11171875 0.1125 0.115625
4 0.76875 0.434375 0.2125 0.23125
4 0.8171875 0.521875 0.315625 0.05625
4 0.24375 0.60625 0.16875 0.1125
4 0.2359375 0.7453125 0.21875 0.2171875
3 0.44765625 0.72734375 0.3234375 0.2734375
3 0.03984375 0.66484375 0.0796875 0.1921875
8 0.52578125 0.78515625 0.1140625 0.1
1 0.08046875 0.81796875 0.1609375 0.1796875
9 0.08515625 0.8359375 0.071875 0.0734375
1 0.82890625 0.95 0.2765625 0.1
9 0.8125 0.93359375 0.084375 0.0484375