5 0.29296875 0.21484375 0.4328125 0.4296875
6 0.7546875 0.21484375 0.490625 0.4296875
1 0.1578125 0.6578125 0.315625 0.45625
1 0.3703125 0.68515625 0.278125 0.4484375
1 0.4515625 0.90625 0.115625 0.1875
1 0.33984375 0.9140625 0.2140625 0.171875
1 0.1578125 0.90546875 0.23125 0.1890625
9 0.153125 0.4765625 0.09375 0.0546875
9 0.41796875 0.49609375 0.071875 0.040625
9 0.49296875 0.87265625 0.0328125 0.0515625
3 0.58046875 0.62421875 0.1421875 0.2171875
3 0.646875 0.49296875 0.275 0.1265625
1 0.7125 0.64140625 0.2 0.20625
9 0.7296875 0.64375 0.08125 0.084375
4 0.896875 0.58828125 0.20625 0.3171875
4 0.94609375 0.48359375 0.1078125 0.1078125