5 0.19453125 0.178125 0.1703125 0.35625
5 0.584375 0.0671875 0.190625 0.134375
1 0.7859375 0.33515625 0.2125 0.2890625
3 0.94921875 0.34375 0.1015625 0.25625
7 0.26953125 0.66640625 0.2 0.2359375
7 0.1015625 0.76875 0.140625 0.1796875
7 0.053125 0.87890625 0.10625 0.1484375
7 0.0609375 0.9609375 0.121875 0.078125
7 0.27421875 0.87578125 0.4046875 0.2484375
8 0.27265625 0.56796875 0.08125 0.084375
8 0.09296875 0.69609375 0.0734375 0.075
8 0.03046875 0.82890625 0.0609375 0.0828125
8 0.0265625 0.96171875 0.053125 0.0765625
8 0.2765625 0.85546875 0.1359375 0.1375
7 0.73828125 0.86171875 0.1171875 0.2765625