2 0.16953125 0.2296875 0.3390625 0.459375
7 0.79453125 0.38828125 0.3046875 0.1421875
7 0.8671875 0.2609375 0.265625 0.221875
8 0.984375 0.28671875 0.03125 0.1109375
8 0.96328125 0.42578125 0.0734375 0.0671875
6 0.5984375 0.2296875 0.51875 0.459375
3 0.1234375 0.69453125 0.246875 0.4703125
0 0.48671875 0.69609375 0.10625 0.0984375
0 0.56796875 0.72578125 0.190625 0.3125
0 0.678125 0.6328125 0.0859375 0.1328125
0 0.853125 0.75 0.1203125 0.271875
0 0.6609375 0.82890625 0.26875 0.3421875
0 0.79765625 0.9359375 0.1859375 0.128125
0 0.92734375 0.94375 0.1453125 0.1125