9 0.30625 0.2125 0.1328125 0.15625
1 0.3109375 0.328125 0.4234375 0.503125
3 0.70859375 0.44609375 0.3578125 0.4015625
3 0.60546875 0.21171875 0.1515625 0.2734375
3 0.6671875 0.08125 0.275 0.1625
7 0.8625 0.4390625 0.275 0.540625
7 0.86328125 0.1078125 0.1984375 0.215625
1 0.7578125 0.21875 0.2109375 0.2390625
9 0.78125 0.21875 0.0828125 0.0796875
4 0.92421875 0.17578125 0.1515625 0.3515625
3 0.19296875 0.853125 0.35625 0.2578125
8 0.4984375 0.75546875 0.0625 0.0921875
7 0.44375 0.85078125 0.171875 0.2828125
4 0.5 0.90234375 0.059375 0.1953125
4 0.296875 0.75 0.465625 0.08125
1 0.38984375 0.9640625 0.2171875 0.071875
3 0.8171875 0.8546875 0.365625 0.290625