5 0.203125 0.3546875 0.40625 0.709375
7 0.6859375 0.18515625 0.234375 0.3703125
7 0.821875 0.2796875 0.1484375 0.2453125
7 0.76328125 0.4203125 0.3890625 0.221875
7 0.91640625 0.60078125 0.1671875 0.2171875
7 0.725 0.58515625 0.3125 0.2421875
8 0.86015625 0.13984375 0.0625 0.0703125
8 0.96953125 0.46328125 0.0515625 0.0625
8 0.98828125 0.49453125 0.0234375 0.0359375
1 0.3859375 0.8546875 0.365625 0.290625
9 0.48984375 0.78984375 0.1421875 0.159375
0 0.921875 0.8546875 0.15625 0.290625
0 0.74453125 0.8546875 0.2453125 0.290625
0 0.6390625 0.89765625 0.140625 0.1984375