1 0.096875 0.1390625 0.19375 0.278125
7 0.67578125 0.0859375 0.3484375 0.171875
7 0.90546875 0.13671875 0.1890625 0.2734375
3 0.91484375 0.3671875 0.1703125 0.26875
4 0.53125 0.27421875 0.2484375 0.3484375
4 0.56796875 0.47734375 0.2859375 0.1046875
5 0.175 0.775 0.35 0.45
7 0.640625 0.57578125 0.48125 0.0921875
7 0.8859375 0.7671875 0.2078125 0.3546875
7 0.66328125 0.69609375 0.30625 0.175
7 0.62421875 0.81796875 0.340625 0.1703125
8 0.45 0.77421875 0.04375 0.0578125
8 0.4828125 0.64609375 0.05625 0.0671875
8 0.90234375 0.55546875 0.0515625 0.0515625
8 0.94453125 0.5671875 0.0546875 0.0484375