3 0.3640625 0.24453125 0.55 0.4890625
0 0.74609375 0.2734375 0.2140625 0.321875
0 0.93203125 0.1578125 0.1359375 0.315625
0 0.85859375 0.3203125 0.2828125 0.275
7 0.41640625 0.56875 0.2765625 0.159375
7 0.46015625 0.69140625 0.3578125 0.1671875
7 0.4953125 0.81015625 0.2875 0.134375
7 0.4765625 0.91875 0.3125 0.1625
7 0.4359375 0.96640625 0.353125 0.0671875
8 0.33984375 0.78046875 0.0296875 0.05
8 0.31015625 0.871875 0.040625 0.0546875
8 0.25546875 0.96640625 0.040625 0.059375
5 0.81953125 0.7734375 0.3609375 0.453125