9 0.01875 0.05234375 0.0375 0.0859375
9 0.31953125 0.18671875 0.06875 0.096875
9 0.03984375 0.43359375 0.0796875 0.0859375
1 0.34609375 0.23671875 0.2859375 0.3640625
1 0.11328125 0.15703125 0.2265625 0.3140625
1 0.13671875 0.39296875 0.2734375 0.1921875
5 0.784375 0.2359375 0.43125 0.471875
7 0.4140625 0.8015625 0.1671875 0.3296875
4 0.5140625 0.696875 0.109375 0.415625
4 0.290625 0.9140625 0.4125 0.171875
3 0.2265625 0.77421875 0.2578125 0.28125
3 0.32578125 0.59453125 0.1421875 0.2109375
1 0.13671875 0.678125 0.15625 0.228125
1 0.4328125 0.61640625 0.171875 0.175
9 0.46640625 0.60703125 0.0703125 0.05
3 0.40546875 0.5421875 0.3265625 0.10625
8 0.3890625 0.6359375 0.0984375 0.103125
8 0.70234375 0.64140625 0.046875 0.0578125
8 0.6828125 0.740625 0.0421875 0.053125
7 0.8203125 0.56953125 0.359375 0.1609375
7 0.8171875 0.78671875 0.2625 0.175
7 0.96796875 0.7671875 0.0640625 0.29375
7 0.8578125 0.6890625 0.284375 0.165625