4 0.89765625 0.071875 0.2046875 0.14375
4 0.6015625 0.203125 0.18125 0.4046875
7 0.79375 0.10859375 0.178125 0.2171875
7 0.425 0.2484375 0.190625 0.3625
8 0.3828125 0.41875 0.09375 0.021875
1 0.93125 0.1359375 0.1375 0.271875
9 0.97578125 0.025 0.0484375 0.046875
3 0.95546875 0.215625 0.0890625 0.3375
3 0.76171875 0.26328125 0.2078125 0.209375
1 0.78828125 0.3875 0.3734375 0.084375
7 0.16484375 0.95234375 0.3296875 0.0953125
7 0.23515625 0.6796875 0.1890625 0.475
7 0.08359375 0.81796875 0.13125 0.2
7 0.01640625 0.7390625 0.0328125 0.2125
8 0.0625 0.7078125 0.065625 0.0578125
7 0.6484375 0.50078125 0.478125 0.1421875
8 0.39296875 0.4921875 0.04375 0.084375
3 0.6921875 0.94765625 0.615625 0.1046875
3 0.64140625 0.66953125 0.328125 0.2515625
3 0.653125 0.86640625 0.178125 0.2671875
1 0.86328125 0.8328125 0.221875 0.290625
9 0.896875 0.8140625 0.1046875 0.1015625
1 0.44140625 0.725 0.175 0.359375
7 0.38125 0.75703125 0.103125 0.4859375
4 0.96171875 0.53671875 0.0765625 0.2140625
4 0.96953125 0.7046875 0.0609375 0.34375