5 0.24453125 0.225 0.159375 0.1671875
4 0.80859375 0.22265625 0.1984375 0.3921875
7 0.6 0.1359375 0.19375 0.271875
7 0.94140625 0.2453125 0.1171875 0.346875
1 0.52109375 0.19765625 0.0640625 0.2953125
3 0.6609375 0.3078125 0.215625 0.2171875
9 0.4515625 0.5421875 0.0609375 0.0921875
7 0.27109375 0.90546875 0.4359375 0.1890625
7 0.21953125 0.4953125 0.2046875 0.153125
4 0.140625 0.51640625 0.28125 0.1953125
4 0.25078125 0.628125 0.2796875 0.41875
1 0.41484375 0.55 0.1484375 0.2625
3 0.4515625 0.64296875 0.075 0.3640625
6 0.71484375 0.540625 0.4515625 0.24375
6 0.77265625 0.78515625 0.446875 0.3625
6 0.62890625 0.83515625 0.2796875 0.3296875
6 0.86875 0.9578125 0.2625 0.084375