5 0.34609375 0.2 0.353125 0.334375
3 0.7328125 0.07578125 0.328125 0.1515625
3 0.70546875 0.33515625 0.2734375 0.2796875
3 0.784375 0.5828125 0.43125 0.253125
9 0.95546875 0.12734375 0.0421875 0.0640625
7 0.9078125 0.48359375 0.184375 0.4515625
8 0.80234375 0.39609375 0.071875 0.11875
1 0.3078125 0.803125 0.221875 0.1875
4 0.10703125 0.79375 0.2140625 0.16875
7 0.1453125 0.890625 0.290625 0.21875
3 0.49140625 0.80703125 0.1546875 0.1953125
3 0.3640625 0.91328125 0.409375 0.1734375
9 0.28203125 0.77890625 0.0890625 0.0859375
1 0.8234375 0.8546875 0.353125 0.290625