5 0.16328125 0.1796875 0.3265625 0.359375
4 0.6625 0.17578125 0.25 0.3515625
7 0.8234375 0.06484375 0.24375 0.1296875
7 0.5203125 0.2203125 0.203125 0.4
8 0.4875 0.421875 0.10625 0.0984375
1 0.94296875 0.07890625 0.1140625 0.1578125
3 0.834375 0.16796875 0.2453125 0.2453125
1 0.8453125 0.3453125 0.309375 0.2625
7 0.028125 0.6953125 0.05625 0.2
8 0.03046875 0.796875 0.0609375 0.1
8 0.134375 0.88359375 0.09375 0.09375
8 0.284375 0.590625 0.153125 0.121875
7 0.15390625 0.90859375 0.1734375 0.1828125
7 0.06171875 0.82890625 0.1234375 0.1734375
7 0.08203125 0.61015625 0.1640625 0.1609375
7 0.23828125 0.73828125 0.3609375 0.4171875
5 0.709375 0.78125 0.58125 0.4375