5 0.13203125 0.2234375 0.2640625 0.446875
5 0.2703125 0.40703125 0.215625 0.1859375
6 0.64140625 0.19296875 0.3234375 0.2921875
6 0.60078125 0.41875 0.2421875 0.1625
6 0.77421875 0.43671875 0.3859375 0.1265625
7 0.82109375 0.3640625 0.15625 0.20625
8 0.76171875 0.26875 0.0359375 0.0265625
2 0.23984375 0.78828125 0.4796875 0.4234375
7 0.5984375 0.75 0.2375 0.5
7 0.89921875 0.69296875 0.2015625 0.3078125
3 0.6421875 0.6109375 0.325 0.221875
3 0.9640625 0.61796875 0.071875 0.2359375
1 0.7828125 0.571875 0.153125 0.14375
4 0.9578125 0.78359375 0.084375 0.4234375
4 0.71953125 0.71796875 0.2859375 0.4359375
9 0.75625 0.5671875 0.0421875 0.05
8 0.884375 0.54921875 0.10625 0.0984375