5 0.44296875 0.12734375 0.3921875 0.2546875
5 0.40078125 0.321875 0.4765625 0.134375
5 0.20078125 0.0765625 0.1078125 0.153125
1 0.91171875 0.19453125 0.1765625 0.3890625
1 0.07890625 0.51875 0.1578125 0.259375
1 0.28046875 0.575 0.3390625 0.371875
1 0.51484375 0.63515625 0.2484375 0.4921875
7 0.84609375 0.62109375 0.3078125 0.1484375
7 0.7140625 0.8421875 0.15 0.315625
7 0.88046875 0.77578125 0.2390625 0.1609375
7 0.89375 0.89375 0.2125 0.15625
8 0.6703125 0.6390625 0.0484375 0.0671875
8 0.646875 0.66015625 0.015625 0.0453125