5 0.2 0.25625 0.4 0.4875
3 0.9 0.34921875 0.2 0.3015625
3 0.74765625 0.35703125 0.2203125 0.2859375
3 0.58359375 0.3375 0.1859375 0.325
3 0.4734375 0.32734375 0.146875 0.3453125
5 0.33515625 0.72265625 0.1296875 0.4453125
0 0.85234375 0.58671875 0.1734375 0.1734375
0 0.93359375 0.5453125 0.1328125 0.090625
0 0.9828125 0.63125 0.034375 0.2625
0 0.97578125 0.72109375 0.0484375 0.2515625
0 0.94296875 0.80234375 0.1125 0.3109375
0 0.76328125 0.67109375 0.2265625 0.3421875
0 0.61171875 0.63203125 0.2140625 0.1765625