5 0.1296875 0.2375 0.259375 0.284375
2 0.71015625 0.18984375 0.5078125 0.3796875
0 0.09140625 0.55625 0.1828125 0.225
0 0.1296875 0.62265625 0.259375 0.2765625
0 0.12109375 0.746875 0.2421875 0.31875
1 0.52109375 0.8828125 0.3046875 0.234375
9 0.60859375 0.990625 0.0546875 0.01875
7 0.8671875 0.94609375 0.265625 0.1078125
8 0.484375 0.440625 0.040625 0.0625
7 0.65078125 0.475 0.3265625 0.1890625
7 0.84609375 0.671875 0.215625 0.36875
8 0.90703125 0.46640625 0.0890625 0.0765625
4 0.871875 0.57265625 0.25625 0.3859375
4 0.8359375 0.8625 0.328125 0.275
3 0.68125 0.8609375 0.31875 0.2296875
3 0.5015625 0.5984375 0.3984375 0.3265625
3 0.56171875 0.65859375 0.165625 0.309375
1 0.69375 0.66171875 0.1890625 0.271875
9 0.7109375 0.56796875 0.05 0.046875