5 0.21953125 0.3109375 0.4390625 0.2375
7 0.5046875 0.12265625 0.13125 0.2453125
7 0.67421875 0.07421875 0.3046875 0.1484375
7 0.684375 0.23671875 0.490625 0.3484375
7 0.22265625 0.6078125 0.4265625 0.35625
7 0.2328125 0.93125 0.3875 0.1375
7 0.65390625 0.884375 0.1640625 0.23125
4 0.51171875 0.76796875 0.1453125 0.4640625
3 0.8546875 0.878125 0.265625 0.24375
3 0.73671875 0.67734375 0.1390625 0.2984375
1 0.934375 0.7953125 0.13125 0.240625
1 0.6234375 0.7453125 0.178125 0.1828125
9 0.5859375 0.7359375 0.075 0.0515625
3 0.62578125 0.57109375 0.3734375 0.2828125
8 0.73984375 0.453125 0.0671875 0.046875
8 0.67109375 0.7625 0.103125 0.1078125