5 0.19453125 0.3 0.3890625 0.6
7 0.75078125 0.084375 0.4984375 0.16875
7 0.746875 0.19140625 0.4265625 0.275
7 0.7453125 0.325 0.4765625 0.3
7 0.49296875 0.2234375 0.2078125 0.446875
8 0.45546875 0.01171875 0.0796875 0.0234375
8 0.96484375 0.1671875 0.0703125 0.08125
8 0.96875 0.31328125 0.0625 0.0890625
5 0.28203125 0.8 0.2140625 0.4
4 0.94453125 0.753125 0.1109375 0.30625
9 0.85546875 0.81875 0.1046875 0.0984375
1 0.8171875 0.828125 0.2671875 0.2984375
3 0.6140625 0.8296875 0.228125 0.3
3 0.628125 0.69296875 0.3625 0.1859375
3 0.671875 0.8875 0.565625 0.225
1 0.4703125 0.71796875 0.1625 0.2359375