5 0.325 0.28984375 0.65 0.5796875
7 0.7203125 0.43984375 0.140625 0.2796875
8 0.68671875 0.296875 0.06875 0.0546875
1 0.68515625 0.09140625 0.0703125 0.1828125
3 0.8015625 0.24375 0.29375 0.4875
8 0.834375 0.41640625 0.0859375 0.0734375
7 0.0921875 0.75078125 0.165625 0.25625
7 0.24609375 0.73046875 0.2328125 0.3015625
7 0.334375 0.64921875 0.159375 0.1390625
3 0.35234375 0.8703125 0.3703125 0.259375
3 0.5296875 0.903125 0.240625 0.19375
9 0.63828125 0.775 0.0234375 0.06875
1 0.58359375 0.83984375 0.1328125 0.3203125
4 0.55859375 0.66015625 0.1828125 0.1609375
4 0.61171875 0.72109375 0.0765625 0.2828125
5 0.825 0.84609375 0.35 0.3078125