5 0.12578125 0.24140625 0.2515625 0.1734375
5 0.29765625 0.2625 0.2421875 0.29375
5 0.15078125 0.340625 0.3015625 0.1375
2 0.64765625 0.2046875 0.4578125 0.409375
3 0.06875 0.7734375 0.1375 0.453125
3 0.2359375 0.7609375 0.34375 0.478125
1 0.88046875 0.8671875 0.203125 0.265625
9 0.8578125 0.76328125 0.040625 0.0421875
4 0.5703125 0.50390625 0.221875 0.1890625
3 0.94375 0.540625 0.1125 0.2625
3 0.75 0.575 0.1765625 0.3234375
1 0.93046875 0.46171875 0.1390625 0.1046875
7 0.49765625 0.62578125 0.1578125 0.4328125
7 0.98671875 0.825 0.0265625 0.3
8 0.9953125 0.64453125 0.009375 0.0390625