5 0.60078125 0.2515625 0.3359375 0.346875
5 0.3359375 0.1078125 0.35 0.2109375
5 0.12265625 0.16953125 0.2453125 0.3390625
5 0.08828125 0.42265625 0.1765625 0.3546875
5 0.27890625 0.5296875 0.4359375 0.140625
5 0.5734375 0.46640625 0.390625 0.2671875
5 0.3125 0.3390625 0.4796875 0.4375
5 0.81015625 0.31328125 0.0828125 0.5734375
5 0.40390625 0.8 0.7296875 0.4
6 0.884375 0.69375 0.23125 0.1875
7 0.928125 0.884375 0.121875 0.23125
7 0.8296875 0.825 0.121875 0.125
8 0.95703125 0.77109375 0.0359375 0.021875
8 0.8921875 0.81953125 0.0359375 0.040625
1 0.83125 0.90703125 0.125 0.0984375
9 0.7859375 0.88984375 0.0203125 0.021875