5 0.26953125 0.21875 0.5390625 0.4375
2 0.7875 0.284375 0.425 0.56875
2 0.75390625 0.22890625 0.4296875 0.4578125
2 0.63671875 0.4453125 0.1953125 0.246875
3 0.27578125 0.8625 0.5265625 0.275
3 0.378125 0.6265625 0.321875 0.115625
3 0.41953125 0.7390625 0.20625 0.2890625
1 0.21328125 0.73984375 0.2484375 0.303125
9 0.178125 0.73046875 0.1109375 0.109375
4 0.06953125 0.69609375 0.1390625 0.2546875
5 0.884375 0.746875 0.23125 0.35625
5 0.77421875 0.72265625 0.3421875 0.3078125
5 0.85234375 0.915625 0.2953125 0.16875