5 0.2046875 0.2953125 0.409375 0.590625
7 0.82109375 0.234375 0.3109375 0.46875
7 0.5859375 0.10703125 0.15625 0.2140625
7 0.53125 0.309375 0.1078125 0.278125
7 0.61875 0.3859375 0.11875 0.284375
7 0.746875 0.3953125 0.1359375 0.303125
8 0.534375 0.1484375 0.0640625 0.0515625
8 0.621875 0.2109375 0.071875 0.059375
8 0.75625 0.221875 0.0734375 0.059375
8 0.03125 0.7984375 0.046875 0.0375
8 0.1671875 0.73125 0.046875 0.040625
8 0.2984375 0.684375 0.04375 0.05
7 0.1078125 0.9015625 0.171875 0.196875
7 0.2109375 0.8703125 0.1484375 0.25625
7 0.3265625 0.8375 0.1265625 0.278125
8 0.96171875 0.71953125 0.0765625 0.0484375
8 0.70390625 0.98671875 0.0734375 0.0265625
8 0.546875 0.978125 0.0640625 0.040625
7 0.88671875 0.87265625 0.2265625 0.2546875