5 0.3296875 0.103125 0.659375 0.20625
5 0.8296875 0.2 0.340625 0.4
8 0.5609375 0.54375 0.0515625 0.0421875
8 0.42265625 0.46484375 0.0515625 0.0453125
8 0.28515625 0.41875 0.0484375 0.0375
8 0.13984375 0.4078125 0.0484375 0.015625
8 0.10546875 0.7546875 0.0515625 0.040625
8 0.28828125 0.7578125 0.046875 0.040625
8 0.4109375 0.8078125 0.0453125 0.040625
7 0.47421875 0.66875 0.19375 0.2578125
7 0.36953125 0.60859375 0.1703125 0.278125
7 0.24921875 0.56796875 0.15 0.2984375
7 0.1265625 0.55234375 0.109375 0.2859375
7 0.04375 0.59921875 0.0875 0.2890625
7 0.03203125 0.90546875 0.0640625 0.1890625
7 0.1140625 0.8828125 0.1125 0.234375
7 0.23984375 0.86953125 0.140625 0.209375
7 0.3359375 0.90703125 0.1875 0.1859375