5 0.284375 0.2796875 0.56875 0.559375
7 0.81640625 0.34375 0.3671875 0.43125
3 0.79296875 0.19375 0.4140625 0.3875
3 0.640625 0.07890625 0.14375 0.1578125
1 0.64140625 0.18203125 0.1453125 0.1984375
4 0.7109375 0.30546875 0.284375 0.5078125
9 0.6515625 0.1953125 0.0484375 0.0578125
2 0.22734375 0.7796875 0.4546875 0.440625
0 0.91640625 0.765625 0.1671875 0.29375
0 0.88828125 0.66328125 0.2234375 0.2078125
0 0.7859375 0.72421875 0.328125 0.3296875
0 0.64375 0.60078125 0.15 0.0828125
0 0.69765625 0.5875 0.1109375 0.05625
0 0.659375 0.7875 0.18125 0.425