5 0.28125 0.19921875 0.5375 0.3984375
5 0.0515625 0.18671875 0.103125 0.3734375
7 0.91953125 0.2640625 0.1609375 0.528125
7 0.78984375 0.31484375 0.153125 0.2953125
7 0.7296875 0.26640625 0.0921875 0.234375
7 0.6375 0.34375 0.1578125 0.253125
7 0.79140625 0.45234375 0.4171875 0.1546875
8 0.584375 0.484375 0.0515625 0.0671875
8 0.59921875 0.203125 0.0734375 0.0578125
8 0.72109375 0.13515625 0.053125 0.0359375
8 0.759375 0.1578125 0.065625 0.0421875
3 0.3265625 0.76484375 0.446875 0.4703125
5 0.7140625 0.7875 0.328125 0.425