5 0.30625 0.13984375 0.325 0.2796875
5 0.109375 0.12890625 0.21875 0.2578125
1 0.85625 0.25 0.2875 0.3
9 0.89453125 0.2734375 0.1453125 0.178125
7 0.21953125 0.49765625 0.4390625 0.1953125
7 0.0921875 0.43671875 0.184375 0.0734375
3 0.23984375 0.909375 0.4578125 0.18125
3 0.2234375 0.66171875 0.3328125 0.2703125
3 0.2578125 0.85078125 0.1984375 0.28125
1 0.39921875 0.7875 0.1390625 0.29375
9 0.446875 0.7671875 0.04375 0.10625
1 0.07265625 0.73515625 0.1453125 0.3546875
7 0.046875 0.77109375 0.09375 0.4578125
1 0.7796875 0.76953125 0.440625 0.4609375
9 0.88984375 0.8234375 0.2203125 0.3125