5 0.18125 0.2234375 0.3625 0.446875
0 0.70546875 0.09296875 0.1828125 0.1859375
5 0.19453125 0.75 0.3890625 0.5
4 0.4265625 0.58359375 0.075 0.1671875
4 0.4015625 0.73515625 0.025 0.3796875
9 0.43203125 0.86484375 0.0859375 0.0984375
1 0.49140625 0.86796875 0.2046875 0.2640625
8 0.98671875 0.61875 0.0265625 0.0875
7 0.740625 0.590625 0.51875 0.18125
7 0.8765625 0.53203125 0.2375 0.0640625
7 0.92734375 0.8046875 0.1453125 0.390625
3 0.65859375 0.9046875 0.2234375 0.190625
3 0.71796875 0.75625 0.365625 0.31875
1 0.89453125 0.8234375 0.2109375 0.353125