3 0.18984375 0.18984375 0.3796875 0.3796875
3 0.1640625 0.18984375 0.328125 0.3796875
8 0.31796875 0.19609375 0.1234375 0.2890625
8 0.3875 0.27109375 0.015625 0.0796875
8 0.85078125 0.23515625 0.071875 0.0921875
8 0.9328125 0.3421875 0.078125 0.075
7 0.6703125 0.29453125 0.40625 0.1703125
7 0.7421875 0.3484375 0.44375 0.0625
7 0.65234375 0.17890625 0.5453125 0.2921875
7 0.71953125 0.0765625 0.4484375 0.153125
0 0.12578125 0.6734375 0.2515625 0.509375
4 0.63203125 0.878125 0.5046875 0.24375
3 0.540625 0.46484375 0.321875 0.1703125
3 0.57890625 0.52421875 0.2234375 0.2890625
3 0.65703125 0.71875 0.3421875 0.259375
8 0.434375 0.534375 0.1015625 0.10625
8 0.98125 0.8875 0.0375 0.084375
1 0.4703125 0.60078125 0.18125 0.2640625
7 0.4765625 0.71015625 0.19375 0.3515625
7 0.765625 0.915625 0.46875 0.16875
1 0.81015625 0.64921875 0.2453125 0.303125
9 0.86640625 0.75 0.05 0.0265625