1 0.2859375 0.33984375 0.528125 0.6796875
9 0.4546875 0.03515625 0.1875 0.0703125
0 0.8421875 0.6234375 0.146875 0.1125
0 0.93203125 0.52421875 0.1359375 0.1453125
0 0.7375 0.43046875 0.1796875 0.0890625
0 0.71171875 0.47578125 0.1890625 0.303125
0 0.74140625 0.23828125 0.1125 0.2296875
0 0.6296875 0.2234375 0.10625 0.146875
0 0.6109375 0.34140625 0.121875 0.1828125
0 0.6015625 0.3046875 0.103125 0.384375
0 0.24375 0.8265625 0.1890625 0.1703125
0 0.2046875 0.93359375 0.175 0.1328125
0 0.11796875 0.93203125 0.1515625 0.1359375
2 0.775 0.821875 0.45 0.284375