7 0.23984375 0.2171875 0.4796875 0.365625
8 0.70390625 0.02265625 0.0484375 0.0453125
8 0.62421875 0.04609375 0.05625 0.0609375
8 0.54375 0.03828125 0.053125 0.053125
7 0.55390625 0.09375 0.1015625 0.146875
7 0.634375 0.103125 0.103125 0.125
7 0.70625 0.0734375 0.090625 0.146875
7 0.71953125 0.03203125 0.1453125 0.0640625
7 0.578125 0.059375 0.196875 0.11875
7 0.2875 0.54140625 0.19375 0.1734375
8 0.3625 0.46171875 0.03125 0.0359375
6 0.4078125 0.50390625 0.14375 0.2078125
6 0.43515625 0.9203125 0.0890625 0.159375
6 0.278125 0.7484375 0.3375 0.3296875
6 0.4046875 0.71484375 0.15 0.3328125
9 0.70390625 0.56875 0.071875 0.090625
9 0.76015625 0.95390625 0.0953125 0.0921875
1 0.95390625 0.7296875 0.0921875 0.3875
1 0.7703125 0.65 0.353125 0.3796875
1 0.8125 0.89921875 0.375 0.2015625