3 0.35078125 0.20234375 0.2765625 0.1328125
7 0.5953125 0.08671875 0.2125 0.1734375
7 0.56796875 0.18984375 0.1578125 0.1546875
7 0.58984375 0.23515625 0.2015625 0.0671875
8 0.65078125 0.14296875 0.0328125 0.0515625
8 0.6890625 0.22890625 0.0421875 0.05625
0 0.109375 0.51953125 0.21875 0.2359375
0 0.1921875 0.39921875 0.190625 0.2609375
0 0.33671875 0.3328125 0.0859375 0.128125
0 0.29140625 0.4609375 0.2390625 0.384375
0 0.43828125 0.3640625 0.0984375 0.190625
0 0.39140625 0.34765625 0.0671875 0.1578125
0 0.40625 0.64765625 0.165625 0.4640625
1 0.73203125 0.70859375 0.4859375 0.5828125
9 0.61015625 0.63359375 0.2421875 0.2171875