1 0.1875 0.284375 0.375 0.56875
1 0.359375 0.284375 0.3 0.56875
9 0.121875 0.02265625 0.16875 0.0453125
9 0.4109375 0.05625 0.115625 0.1125
1 0.7546875 0.2375 0.490625 0.475
2 0.31484375 0.678125 0.3890625 0.21875
2 0.1421875 0.784375 0.284375 0.43125
7 0.90625 0.721875 0.1875 0.30625
7 0.74765625 0.671875 0.2203125 0.20625
7 0.76796875 0.77578125 0.1734375 0.3078125
7 0.8828125 0.815625 0.1609375 0.321875
7 0.9671875 0.78828125 0.065625 0.3484375
8 0.7390625 0.6125 0.0765625 0.078125
8 0.8671875 0.64375 0.0828125 0.0796875
8 0.97734375 0.6046875 0.0453125 0.071875