3 0.4828125 0.3484375 0.153125 0.540625
3 0.25625 0.3515625 0.278125 0.534375
3 0.0546875 0.3546875 0.109375 0.528125
0 0.953125 0.225 0.09375 0.45
0 0.91171875 0.12421875 0.1171875 0.2484375
0 0.834375 0.23125 0.10625 0.4125
0 0.7828125 0.334375 0.1171875 0.4625
0 0.70546875 0.121875 0.1671875 0.24375
0 0.6875 0.2109375 0.103125 0.3921875
0 0.5890625 0.26640625 0.059375 0.3453125
2 0.2375 0.82578125 0.475 0.3484375
7 0.696875 0.8 0.075 0.3625
7 0.96015625 0.871875 0.0796875 0.25625
3 0.934375 0.74140625 0.13125 0.2453125
4 0.8 0.809375 0.146875 0.38125
8 0.98203125 0.72578125 0.0359375 0.1140625