3 0.15859375 0.28984375 0.3171875 0.5796875
1 0.453125 0.390625 0.128125 0.346875
1 0.80078125 0.49296875 0.2421875 0.1734375
9 0.83203125 0.534375 0.0921875 0.090625
8 0.4109375 0.16484375 0.04375 0.0890625
3 0.628125 0.35546875 0.3609375 0.2375
3 0.58671875 0.51171875 0.2140625 0.1359375
7 0.6671875 0.17890625 0.478125 0.2421875
7 0.54453125 0.0640625 0.2015625 0.128125
4 0.96015625 0.18046875 0.0796875 0.3609375
4 0.94140625 0.37109375 0.1171875 0.4171875
5 0.19453125 0.78984375 0.3890625 0.4203125
6 0.61640625 0.78984375 0.4546875 0.4203125
6 0.546875 0.66484375 0.315625 0.1703125