3 0.1953125 0.36484375 0.36875 0.7296875
7 0.95078125 0.60234375 0.0984375 0.2546875
7 0.89140625 0.35546875 0.2171875 0.2609375
8 0.9859375 0.471875 0.028125 0.0875
8 0.79375 0.23828125 0.0484375 0.0453125
6 0.60703125 0.18828125 0.4546875 0.3765625
6 0.5625 0.52421875 0.365625 0.3640625
6 0.7671875 0.55390625 0.45625 0.3515625
5 0.17109375 0.86484375 0.3421875 0.2703125
8 0.4953125 0.87265625 0.0640625 0.0484375
8 0.5234375 0.84609375 0.0359375 0.0515625
8 0.9078125 0.86328125 0.0484375 0.0609375
8 0.94296875 0.96796875 0.04375 0.05625
7 0.75625 0.80859375 0.409375 0.1578125
7 0.80625 0.97421875 0.28125 0.0515625
7 0.5703125 0.946875 0.196875 0.10625
7 0.74296875 0.92734375 0.3140625 0.1453125