1 0.1046875 0.18203125 0.209375 0.3640625
9 0.13984375 0.13671875 0.1390625 0.1765625
7 0.6390625 0.10234375 0.20625 0.1890625
8 0.53515625 0.05078125 0.034375 0.0375
6 0.390625 0.13515625 0.3625 0.2703125
6 0.72578125 0.26015625 0.3640625 0.2796875
6 0.490625 0.28515625 0.378125 0.2296875
3 0.1046875 0.7 0.209375 0.6
3 0.8453125 0.64296875 0.309375 0.4859375
3 0.34140625 0.53515625 0.2640625 0.2703125
3 0.5546875 0.4890625 0.315625 0.178125
9 0.89609375 0.88203125 0.06875 0.0609375
1 0.74453125 0.89296875 0.4421875 0.2140625
7 0.54140625 0.74140625 0.596875 0.4015625