1 0.31484375 0.2296875 0.6296875 0.459375
9 0.2703125 0.20390625 0.3578125 0.2140625
7 0.9359375 0.1546875 0.128125 0.271875
7 0.8875 0.346875 0.125 0.225
7 0.95 0.38671875 0.1 0.1453125
8 0.9609375 0.0140625 0.065625 0.028125
8 0.9015625 0.21875 0.0671875 0.0546875
8 0.97265625 0.28515625 0.0546875 0.0640625
7 0.078125 0.625 0.15625 0.33125
4 0.2953125 0.5765625 0.36875 0.234375
3 0.4046875 0.8609375 0.234375 0.278125
3 0.13828125 0.95703125 0.2765625 0.0859375
1 0.21875 0.79140625 0.321875 0.3640625
9 0.27421875 0.73828125 0.1421875 0.1046875
2 0.81484375 0.7296875 0.3703125 0.540625