1 0.21484375 0.2546875 0.4296875 0.509375
9 0.24921875 0.14453125 0.35 0.209375
9 0.5671875 0.0578125 0.0640625 0.04375
9 0.80546875 0.0671875 0.0671875 0.0453125
1 0.8859375 0.2546875 0.228125 0.509375
1 0.83125 0.2625 0.290625 0.49375
1 0.5984375 0.26484375 0.30625 0.4890625
1 0.48125 0.04140625 0.103125 0.0828125
1 0.6484375 0.01953125 0.23125 0.0390625
7 0.175 0.55625 0.13125 0.09375
7 0.165625 0.6390625 0.33125 0.190625
7 0.3484375 0.8328125 0.1625 0.334375
7 0.14375 0.7953125 0.2875 0.21875
8 0.34921875 0.6328125 0.046875 0.059375
8 0.38828125 0.65546875 0.053125 0.03125
2 0.71484375 0.753125 0.5703125 0.4875