1 0.353125 0.18984375 0.475 0.3796875
1 0.0953125 0.18984375 0.190625 0.3796875
0 0.73515625 0.18984375 0.2703125 0.3796875
0 0.80390625 0.025 0.1265625 0.05
7 0.11015625 0.63125 0.2203125 0.4875
7 0.25546875 0.828125 0.3015625 0.3046875
7 0.3203125 0.95625 0.28125 0.0875
7 0.16484375 0.86484375 0.3296875 0.2703125
8 0.2921875 0.72890625 0.1421875 0.14375
8 0.37734375 0.94296875 0.1484375 0.1140625
8 0.05859375 0.4875 0.1171875 0.15625
8 0.07265625 0.9046875 0.1453125 0.190625
5 0.81875 0.68984375 0.3625 0.6203125