1 0.115625 0.2828125 0.23125 0.29375
0 0.86875 0.32734375 0.184375 0.075
0 0.8609375 0.32890625 0.16875 0.2015625
0 0.7984375 0.1421875 0.09375 0.2359375
0 0.684375 0.1703125 0.0984375 0.146875
0 0.7046875 0.29375 0.1265625 0.1796875
0 0.546875 0.30234375 0.065625 0.0859375
0 0.61640625 0.2625 0.2265625 0.334375
1 0.3390625 0.5109375 0.121875 0.1625
1 0.0328125 0.5890625 0.065625 0.31875
3 0.14921875 0.49609375 0.2984375 0.1328125
3 0.16015625 0.575 0.2171875 0.290625
3 0.2 0.815625 0.4 0.36875
2 0.7 0.71484375 0.6 0.5703125