1 0.3703125 0.209375 0.178125 0.41875
1 0.290625 0.4640625 0.3375 0.45
9 0.2375 0.57109375 0.071875 0.0890625
7 0.934375 0.2078125 0.13125 0.3875
7 0.8015625 0.3625 0.396875 0.328125
7 0.81328125 0.53828125 0.3734375 0.2859375
7 0.796875 0.60234375 0.40625 0.1734375
7 0.57734375 0.50625 0.2359375 0.365625
8 0.59921875 0.3109375 0.0546875 0.075
8 0.5578125 0.33359375 0.0796875 0.0578125
3 0.2296875 0.89140625 0.459375 0.2171875
3 0.15234375 0.7296875 0.3046875 0.08125
3 0.0984375 0.82421875 0.196875 0.2703125
1 0.2875 0.8359375 0.2625 0.29375
9 0.32421875 0.821875 0.1171875 0.1140625
4 0.40859375 0.80546875 0.1015625 0.2328125
7 0.553125 0.84453125 0.1875 0.3109375
7 0.8015625 0.9203125 0.396875 0.159375