1 0.2 0.36640625 0.31875 0.7328125
9 0.50390625 0.08515625 0.0640625 0.0515625
9 0.7484375 0.05 0.0671875 0.04375
9 0.834375 0.1328125 0.0625 0.0421875
9 0.59296875 0.15859375 0.0640625 0.0421875
9 0.371875 0.19453125 0.025 0.0421875
1 0.42578125 0.45859375 0.1328125 0.6203125
1 0.59140625 0.446875 0.2890625 0.64375
1 0.83828125 0.43125 0.2859375 0.675
1 0.7453125 0.0875 0.240625 0.1515625
1 0.503125 0.09453125 0.2328125 0.1015625
2 0.57421875 0.821875 0.4296875 0.10625
2 0.665625 0.9484375 0.584375 0.103125