1 0.5859375 0.4359375 0.165625 0.3875
1 0.47578125 0.3 0.3859375 0.6
1 0.18984375 0.31484375 0.3796875 0.6296875
9 0.575 0.0828125 0.1328125 0.084375
9 0.165625 0.1203125 0.128125 0.10625
7 0.9140625 0.31328125 0.171875 0.5109375
7 0.76328125 0.22421875 0.1890625 0.4484375
3 0.3328125 0.81484375 0.665625 0.3703125
7 0.796875 0.76484375 0.25625 0.2703125
7 0.93125 0.72109375 0.1375 0.1828125
7 0.928125 0.80859375 0.14375 0.3109375
7 0.83515625 0.8359375 0.171875 0.3109375
7 0.7296875 0.79765625 0.121875 0.3265625
8 0.9734375 0.65859375 0.053125 0.0578125
8 0.85859375 0.671875 0.0859375 0.0828125
8 0.72734375 0.64609375 0.0953125 0.0328125