9 0.15 0.01796875 0.06875 0.0359375
9 0.475 0.015625 0.065625 0.03125
9 0.246875 0.0671875 0.0671875 0.0484375
9 0.02734375 0.13359375 0.0546875 0.0515625
1 0.06640625 0.22421875 0.1328125 0.4296875
1 0.11953125 0.25546875 0.2390625 0.3671875
1 0.2859375 0.228125 0.365625 0.421875
1 0.50859375 0.21953125 0.3421875 0.4390625
1 0.3828125 0.03359375 0.25 0.0671875
1 0.15078125 0.03984375 0.2359375 0.0796875
0 0.83046875 0.06953125 0.3015625 0.1390625
0 0.91953125 0.1375 0.1609375 0.275
0 0.06640625 0.84453125 0.1328125 0.3109375
0 0.16484375 0.76171875 0.2984375 0.4765625
0 0.271875 0.68671875 0.128125 0.321875
2 0.83984375 0.71953125 0.3203125 0.5609375