1 0.2046875 0.284375 0.409375 0.56875
7 0.696875 0.43359375 0.1734375 0.2453125
7 0.675 0.52109375 0.225 0.0953125
7 0.82265625 0.4671875 0.1828125 0.203125
7 0.58515625 0.19453125 0.2296875 0.3296875
7 0.909375 0.303125 0.18125 0.53125
8 0.50859375 0.034375 0.065625 0.059375
8 0.6390625 0.30234375 0.0734375 0.0671875
8 0.7765625 0.3703125 0.0890625 0.08125
8 0.6078125 0.484375 0.09375 0.0953125
8 0.96171875 0.04453125 0.0765625 0.0890625
3 0.28828125 0.66484375 0.2421875 0.1921875
3 0.2046875 0.86171875 0.409375 0.2765625
7 0.1515625 0.80078125 0.303125 0.3984375
8 0.25078125 0.69140625 0.0921875 0.1328125
0 0.6234375 0.70859375 0.371875 0.2796875