9 0.08125 0.29921875 0.1625 0.1390625
1 0.2734375 0.35 0.43125 0.4
0 0.72734375 0.2015625 0.1875 0.259375
0 0.51953125 0.121875 0.0609375 0.15
0 0.903125 0.37109375 0.19375 0.2953125
0 0.7578125 0.43984375 0.0890625 0.084375
0 0.58359375 0.3875 0.1296875 0.2265625
4 0.30546875 0.69296875 0.3671875 0.2859375
4 0.25703125 0.79609375 0.4234375 0.1890625
3 0.39453125 0.86875 0.1890625 0.2625
8 0.44921875 0.9375 0.0796875 0.125
7 0.5578125 0.87421875 0.1375 0.2515625
3 0.83046875 0.775 0.2265625 0.45
3 0.70625 0.646875 0.215625 0.19375
3 0.540625 0.7359375 0.103125 0.3125
4 0.659375 0.8453125 0.2875 0.309375
8 0.53125 0.7421875 0.084375 0.121875
1 0.5640625 0.60703125 0.15 0.1140625
1 0.69921875 0.79921875 0.2140625 0.2109375
9 0.74296875 0.809375 0.04375 0.06875