1 0.17421875 0.20703125 0.3484375 0.2859375
1 0.40390625 0.175 0.1703125 0.35
9 0.05078125 0.15859375 0.1015625 0.0765625
9 0.4671875 0.075 0.04375 0.078125
4 0.6921875 0.05625 0.190625 0.1125
4 0.87578125 0.09140625 0.2484375 0.1828125
7 0.78046875 0.15390625 0.2015625 0.3078125
7 0.61484375 0.2484375 0.1421875 0.203125
3 0.93125 0.30859375 0.1375 0.0828125
3 0.7484375 0.30703125 0.16875 0.0859375
1 0.925 0.23359375 0.15 0.2328125
1 0.95703125 0.1734375 0.078125 0.0703125
8 0.72578125 0.02265625 0.1046875 0.0453125
5 0.2640625 0.71953125 0.45 0.5609375
6 0.715625 0.6234375 0.453125 0.4375
6 0.68046875 0.91015625 0.3828125 0.1796875
6 0.60546875 0.79921875 0.2328125 0.4015625