1 0.40234375 0.22734375 0.2546875 0.4078125
1 0.165625 0.3109375 0.33125 0.3375
9 0.51015625 0.10703125 0.0390625 0.0890625
9 0.07578125 0.22734375 0.1515625 0.0921875
9 0.4203125 0.45546875 0.159375 0.0484375
3 0.76484375 0.23984375 0.4703125 0.4796875
0 0.21328125 0.7515625 0.4265625 0.496875
7 0.640625 0.8109375 0.221875 0.378125
7 0.7359375 0.765625 0.2140625 0.2921875
7 0.84296875 0.9125 0.1703125 0.175
7 0.7765625 0.9578125 0.18125 0.084375
8 0.70546875 0.61875 0.0703125 0.053125
8 0.8015625 0.8171875 0.075 0.0640625
8 0.73359375 0.8984375 0.0828125 0.075
8 0.60546875 0.94140625 0.084375 0.075