8 0.3203125 0.21171875 0.053125 0.04375
8 0.17578125 0.16875 0.053125 0.0484375
8 0.03984375 0.14296875 0.053125 0.0625
8 0.11640625 0.45078125 0.0484375 0.0171875
7 0.26640625 0.33671875 0.2078125 0.2453125
7 0.15859375 0.3109375 0.1890625 0.2765625
7 0.0625 0.29765625 0.125 0.2921875
2 0.734375 0.18828125 0.53125 0.3765625
3 0.19296875 0.7296875 0.3859375 0.540625
3 0.69296875 0.7296875 0.4484375 0.540625
3 0.90859375 0.725 0.1828125 0.334375
1 0.8875 0.58828125 0.225 0.2578125
9 0.8796875 0.484375 0.11875 0.05