8 0.1640625 0.33125 0.04375 0.034375
8 0.2921875 0.2671875 0.04375 0.0375
8 0.415625 0.221875 0.040625 0.0546875
8 0.546875 0.21875 0.0421875 0.03125
8 0.7265625 0.2734375 0.0453125 0.040625
8 0.8578125 0.3328125 0.046875 0.0421875
8 0.7125 0.596875 0.0390625 0.0328125
8 0.5609375 0.540625 0.04375 0.034375
8 0.396875 0.534375 0.040625 0.034375
8 0.2859375 0.5734375 0.0390625 0.034375
7 0.2359375 0.4484375 0.1625 0.221875
7 0.3328125 0.3984375 0.1390625 0.2421875
7 0.4421875 0.3671875 0.11875 0.2609375
7 0.5515625 0.359375 0.084375 0.2515625
7 0.6703125 0.4078125 0.1578125 0.25
7 0.775 0.4546875 0.20625 0.240625
7 0.6609375 0.70625 0.13125 0.2109375
7 0.5484375 0.6625 0.0890625 0.2203125
7 0.4359375 0.6375 0.115625 0.18125
7 0.3484375 0.69375 0.159375 0.215625