1 0.15390625 0.24453125 0.3078125 0.4890625
7 0.84140625 0.31171875 0.3171875 0.3546875
7 0.50078125 0.29296875 0.3828125 0.3921875
6 0.27109375 0.86953125 0.0765625 0.2609375
6 0.175 0.81796875 0.26875 0.3296875
6 0.08203125 0.86640625 0.1640625 0.2671875
8 0.396875 0.7171875 0.159375 0.1390625
8 0.9625 0.709375 0.059375 0.05
8 0.95625 0.9078125 0.0734375 0.059375
8 0.89375 0.95703125 0.078125 0.0671875
7 0.459375 0.85703125 0.3 0.2859375
7 0.88046875 0.859375 0.2265625 0.28125
7 0.925 0.9609375 0.128125 0.078125