1 0.1515625 0.2765625 0.15625 0.384375
7 0.61484375 0.2234375 0.7703125 0.446875
8 0.0125 0.675 0.025 0.04375
6 0.11484375 0.64765625 0.2296875 0.3578125
6 0.12578125 0.8859375 0.2078125 0.228125
6 0.11484375 0.896875 0.2296875 0.20625
7 0.440625 0.5828125 0.359375 0.228125
7 0.68671875 0.64296875 0.271875 0.275
7 0.76640625 0.83984375 0.25625 0.2296875
7 0.7828125 0.95 0.265625 0.1
7 0.49375 0.79453125 0.528125 0.4109375
8 0.71328125 0.5421875 0.128125 0.1296875
8 0.81484375 0.75859375 0.134375 0.134375
8 0.83203125 0.94453125 0.1328125 0.1109375
8 0.45390625 0.78359375 0.259375 0.259375