2 0.228125 0.25703125 0.45625 0.5140625
5 0.81640625 0.31171875 0.3671875 0.4359375
0 0.1125 0.69375 0.2 0.328125
0 0.23203125 0.71015625 0.1421875 0.2625
0 0.34296875 0.69375 0.171875 0.3265625
0 0.39453125 0.90625 0.1484375 0.1875
7 0.76484375 0.66953125 0.2296875 0.2796875
7 0.721875 0.80390625 0.0984375 0.121875
7 0.6515625 0.7796875 0.0875 0.1171875
7 0.59375 0.72734375 0.11875 0.13125
7 0.61484375 0.6203125 0.1578125 0.18125
8 0.6078125 0.5375 0.053125 0.015625
8 0.59296875 0.66171875 0.053125 0.059375
8 0.66015625 0.71953125 0.0578125 0.065625
8 0.7359375 0.74296875 0.0515625 0.053125
8 0.79140625 0.5578125 0.0828125 0.05625