7 0.26953125 0.21328125 0.4609375 0.4265625
7 0.25 0.48203125 0.5 0.0953125
7 0.5421875 0.19609375 0.084375 0.3921875
7 0.79140625 0.46640625 0.1765625 0.1265625
8 0.86328125 0.4109375 0.065625 0.0484375
4 0.590625 0.10859375 0.18125 0.2171875
4 0.92265625 0.06796875 0.1546875 0.1359375
7 0.79296875 0.08125 0.1609375 0.1625
1 0.88359375 0.18046875 0.171875 0.2046875
9 0.90546875 0.1359375 0.059375 0.0765625
3 0.6796875 0.228125 0.178125 0.271875
3 0.7421875 0.38828125 0.253125 0.209375
3 0.9375 0.33203125 0.125 0.3953125
7 0.25 0.76484375 0.5 0.4703125
7 0.08359375 0.690625 0.1671875 0.321875
2 0.8359375 0.73359375 0.328125 0.4078125