3 0.21953125 0.29453125 0.4390625 0.5890625
3 0.46640625 0.453125 0.0546875 0.271875
3 0.503125 0.29140625 0.128125 0.2171875
7 0.7890625 0.44140625 0.421875 0.2953125
7 0.53515625 0.11015625 0.1921875 0.2078125
7 0.6140625 0.23203125 0.2125 0.3125
1 0.55859375 0.41328125 0.221875 0.2484375
9 0.58203125 0.40390625 0.0859375 0.0828125
8 0.58125 0.07265625 0.109375 0.1109375
4 0.7359375 0.065625 0.190625 0.13125
4 0.7453125 0.24296875 0.3125 0.4859375
2 0.2265625 0.77109375 0.353125 0.3640625
2 0.7546875 0.7421875 0.490625 0.30625
2 0.7328125 0.84765625 0.534375 0.3046875