2 0.28359375 0.16640625 0.4734375 0.3328125
1 0.78515625 0.23984375 0.3703125 0.4796875
7 0.52734375 0.66796875 0.1453125 0.3765625
1 0.18984375 0.53671875 0.2390625 0.1140625
3 0.42578125 0.61171875 0.2171875 0.2640625
3 0.3 0.7265625 0.309375 0.340625
1 0.3265625 0.91171875 0.228125 0.1765625
9 0.33125 0.86015625 0.0515625 0.0546875
7 0.21796875 0.8609375 0.1921875 0.278125
8 0.15859375 0.71484375 0.0875 0.0609375
3 0.11015625 0.6390625 0.1359375 0.31875
4 0.928125 0.69765625 0.14375 0.3046875