2 0.31484375 0.16953125 0.6296875 0.3390625
7 0.91171875 0.16953125 0.1765625 0.3390625
6 0.5078125 0.4265625 0.24375 0.175
7 0.13125 0.60546875 0.209375 0.403125
4 0.21640625 0.65546875 0.2734375 0.5328125
3 0.45234375 0.59375 0.3546875 0.25
3 0.5046875 0.72890625 0.1984375 0.2890625
3 0.47890625 0.9109375 0.3015625 0.178125
8 0.6109375 0.5703125 0.0375 0.05625
8 0.3703125 0.6828125 0.0921875 0.096875
1 0.3640625 0.7515625 0.1828125 0.25
7 0.31015625 0.83828125 0.2234375 0.3234375
1 0.5875 0.8984375 0.084375 0.203125
5 0.81484375 0.71171875 0.3703125 0.5765625