2 0.26484375 0.13671875 0.5296875 0.2734375
5 0.76484375 0.21953125 0.4703125 0.4390625
3 0.47734375 0.71953125 0.1046875 0.5609375
3 0.1375 0.546875 0.275 0.215625
3 0.24609375 0.68125 0.4921875 0.484375
1 0.428125 0.48984375 0.203125 0.1015625
1 0.13359375 0.8921875 0.2671875 0.215625
9 0.1375 0.8515625 0.06875 0.0609375
7 0.321875 0.8453125 0.415625 0.309375
8 0.44140625 0.71796875 0.125 0.0921875
3 0.65390625 0.5359375 0.2453125 0.19375
3 0.78359375 0.77578125 0.3703125 0.4484375
3 0.6046875 0.734375 0.15 0.403125