2 0.2375 0.34453125 0.475 0.6890625
2 0.43046875 0.6015625 0.2390625 0.4125
2 0.19296875 0.70625 0.3859375 0.20625
2 0.4625 0.31328125 0.175 0.4828125
7 0.77421875 0.6359375 0.4046875 0.346875
7 0.91875 0.3390625 0.1625 0.29375
3 0.64296875 0.28125 0.1859375 0.534375
3 0.696875 0.13828125 0.221875 0.2390625
3 0.91171875 0.175 0.1765625 0.315625
4 0.8265625 0.40703125 0.3046875 0.4734375
8 0.9109375 0.19296875 0.1203125 0.1234375
1 0.86875 0.06015625 0.2625 0.1203125
1 0.75234375 0.3 0.21875 0.215625
9 0.71484375 0.32109375 0.046875 0.0703125
0 0.7984375 0.9046875 0.325 0.190625