2 0.309375 0.125 0.61875 0.25
5 0.8765625 0.15 0.246875 0.2
7 0.45625 0.59296875 0.325 0.5609375
3 0.1390625 0.31015625 0.278125 0.1203125
3 0.06796875 0.46640625 0.1359375 0.2453125
3 0.146875 0.78984375 0.29375 0.3890625
8 0.15703125 0.871875 0.1078125 0.1171875
8 0.55390625 0.3203125 0.1140625 0.084375
1 0.3984375 0.9234375 0.2625 0.153125
4 0.8265625 0.43828125 0.19375 0.303125
4 0.69921875 0.45 0.1609375 0.4
7 0.7359375 0.625 0.203125 0.2984375
7 0.8921875 0.8125 0.159375 0.375
3 0.75703125 0.8625 0.1703125 0.2640625
1 0.64296875 0.69765625 0.0484375 0.2296875
1 0.76171875 0.96640625 0.2859375 0.0671875
8 0.7921875 0.475 0.1015625 0.0953125