2 0.16953125 0.2921875 0.3390625 0.515625
8 0.9859375 0.23984375 0.028125 0.0515625
7 0.9546875 0.40390625 0.090625 0.2921875
1 0.5671875 0.4671875 0.20625 0.165625
9 0.5265625 0.50625 0.065625 0.0765625
3 0.6859375 0.46875 0.240625 0.1625
3 0.70234375 0.2875 0.271875 0.1671875
7 0.4953125 0.35 0.175 0.1515625
7 0.64140625 0.08046875 0.5234375 0.1609375
8 0.92421875 0.01171875 0.0734375 0.0234375
4 0.5390625 0.1640625 0.33125 0.2328125
4 0.478125 0.465625 0.0984375 0.1265625
0 0.73984375 0.69921875 0.1171875 0.2375
0 0.81015625 0.91328125 0.2734375 0.1734375
0 0.5921875 0.84296875 0.184375 0.1140625
0 0.5640625 0.884375 0.1125 0.23125
0 0.465625 0.74609375 0.253125 0.2234375
0 0.42265625 0.63125 0.0796875 0.153125