2 0.184375 0.259375 0.36875 0.51875
2 0.684375 0.19921875 0.63125 0.3984375
2 0.184375 0.759375 0.36875 0.48125
7 0.44765625 0.7484375 0.1578125 0.459375
7 0.6625 0.57265625 0.2125 0.1078125
4 0.46640625 0.603125 0.1953125 0.16875
1 0.79375 0.6234375 0.246875 0.209375
9 0.834375 0.54375 0.078125 0.05
3 0.553125 0.7015625 0.2265625 0.3359375
3 0.67421875 0.840625 0.3171875 0.31875
1 0.64140625 0.97421875 0.2296875 0.0515625
9 0.63828125 0.9796875 0.0515625 0.040625
7 0.75859375 0.92734375 0.2140625 0.1453125
8 0.815625 0.84921875 0.0890625 0.0625
3 0.87421875 0.728125 0.1640625 0.41875