2 0.209375 0.32890625 0.384375 0.4015625
8 0.7796875 0.14140625 0.046875 0.06875
8 0.78671875 0.2609375 0.05625 0.0796875
8 0.82265625 0.39375 0.0734375 0.090625
7 0.734375 0.059375 0.33125 0.11875
7 0.67265625 0.11015625 0.2078125 0.2203125
7 0.67421875 0.24453125 0.2109375 0.2828125
7 0.69921875 0.37734375 0.2609375 0.3046875
7 0.475 0.57890625 0.1875 0.0984375
3 0.14375 0.67109375 0.2875 0.2671875
3 0.21875 0.59140625 0.359375 0.1234375
7 0.08046875 0.8421875 0.1609375 0.315625
8 0.178125 0.80859375 0.0859375 0.103125
3 0.2703125 0.8 0.540625 0.4
8 0.0640625 0.98203125 0.11875 0.0359375
8 0.1765625 0.81640625 0.071875 0.109375
1 0.43359375 0.6671875 0.2640625 0.275
9 0.490625 0.63515625 0.1015625 0.0859375
3 0.84140625 0.76484375 0.3171875 0.4703125