7 0.24453125 0.275 0.4890625 0.55
1 0.715625 0.2546875 0.453125 0.509375
8 0.4234375 0.61953125 0.13125 0.1390625
8 0.10703125 0.5609375 0.0953125 0.021875
8 0.07734375 0.80390625 0.0890625 0.090625
8 0.18203125 0.934375 0.0953125 0.0984375
8 0.3234375 0.971875 0.09375 0.05625
7 0.1453125 0.725 0.26875 0.35
7 0.1015625 0.88359375 0.1875 0.2328125
7 0.1984375 0.9546875 0.184375 0.090625
7 0.3515625 0.775 0.275 0.45
3 0.846875 0.81484375 0.259375 0.3703125
3 0.61953125 0.94296875 0.2609375 0.1140625
1 0.64765625 0.74921875 0.3171875 0.3984375
9 0.6734375 0.684375 0.1546875 0.1171875