2 0.26484375 0.28046875 0.5296875 0.3984375
0 0.7921875 0.053125 0.075 0.10625
0 0.6265625 0.18203125 0.19375 0.3640625
0 0.775 0.190625 0.1671875 0.140625
0 0.9203125 0.16484375 0.159375 0.1171875
0 0.85 0.33125 0.171875 0.228125
5 0.1625 0.8328125 0.325 0.334375
3 0.959375 0.66953125 0.08125 0.3796875
3 0.68828125 0.61015625 0.3171875 0.2609375
1 0.6140625 0.84921875 0.16875 0.3015625
9 0.5671875 0.7375 0.0625 0.05
7 0.82265625 0.7671875 0.3234375 0.465625
8 0.84375 0.515625 0.1203125 0.0703125