1 0.2546875 0.21953125 0.36875 0.4390625
2 0.55390625 0.1578125 0.2296875 0.315625
5 0.0921875 0.69609375 0.184375 0.5140625
7 0.5140625 0.590625 0.15 0.303125
4 0.5765625 0.62890625 0.265625 0.3796875
4 0.81640625 0.88515625 0.3671875 0.2296875
3 0.784375 0.49296875 0.378125 0.1078125
3 0.85625 0.5546875 0.190625 0.23125
3 0.88046875 0.72421875 0.2390625 0.2234375
8 0.721875 0.540625 0.0875 0.0921875
1 0.740625 0.60234375 0.1765625 0.2359375
7 0.7234375 0.7015625 0.215625 0.3171875
7 0.89140625 0.9234375 0.2171875 0.153125
1 0.97734375 0.66875 0.0453125 0.271875