3 0.19296875 0.215625 0.3859375 0.43125
3 0.80703125 0.0828125 0.2203125 0.165625
8 0.86796875 0.10546875 0.0484375 0.0578125
8 0.4875 0.328125 0.05625 0.071875
8 0.70078125 0.13828125 0.040625 0.0515625
7 0.565625 0.2625 0.2109375 0.225
7 0.775 0.221875 0.2140625 0.21875
1 0.91796875 0.25234375 0.1640625 0.1796875
9 0.97890625 0.28984375 0.0265625 0.0515625
3 0.615625 0.36484375 0.225 0.2078125
3 0.71640625 0.38671875 0.2421875 0.1640625
2 0.2 0.734375 0.4 0.53125
4 0.615625 0.7078125 0.43125 0.478125