3 0.425 0.3046875 0.528125 0.609375
4 0.94140625 0.35546875 0.1171875 0.3640625
3 0.74140625 0.51015625 0.1046875 0.1984375
3 0.7515625 0.37265625 0.125 0.2265625
8 0.8859375 0.134375 0.11875 0.1234375
9 0.896875 0.47578125 0.0875 0.0859375
1 0.86640625 0.47734375 0.23125 0.25
7 0.78125 0.1640625 0.184375 0.328125
3 0.58046875 0.703125 0.2171875 0.1875
1 0.2609375 0.8390625 0.509375 0.321875
9 0.44765625 0.81875 0.0546875 0.0734375
1 0.84453125 0.8046875 0.3109375 0.390625
9 0.93984375 0.63046875 0.1203125 0.0421875