3 0.33828125 0.209375 0.4421875 0.41875
7 0.65078125 0.09921875 0.1828125 0.1984375
7 0.74765625 0.03984375 0.1703125 0.0796875
3 0.68671875 0.2453125 0.2546875 0.346875
3 0.76484375 0.325 0.2765625 0.1875
3 0.7796875 0.34609375 0.440625 0.1453125
9 0.97578125 0.29609375 0.0484375 0.0734375
1 0.8984375 0.29453125 0.203125 0.2484375
4 0.93515625 0.11015625 0.1296875 0.2203125
4 0.9734375 0.203125 0.053125 0.40625
7 0.23671875 0.76875 0.2546875 0.3453125
3 0.13203125 0.5640625 0.2640625 0.290625
3 0.25546875 0.49921875 0.2046875 0.1609375
3 0.4125 0.703125 0.246875 0.359375
1 0.4515625 0.5578125 0.215625 0.25625
1 0.17265625 0.57890625 0.178125 0.1984375
4 0.34765625 0.8453125 0.3359375 0.309375
4 0.11484375 0.68984375 0.2296875 0.5421875
9 0.1421875 0.578125 0.05 0.0578125
8 0.2828125 0.61015625 0.1234375 0.1265625
0 0.59765625 0.5046875 0.0765625 0.171875
0 0.57890625 0.5328125 0.0390625 0.228125
0 0.68203125 0.80390625 0.2453125 0.3921875
0 0.69609375 0.60703125 0.16875 0.1796875
0 0.88828125 0.66484375 0.159375 0.290625
0 0.6765625 0.8890625 0.228125 0.221875