3 0.24453125 0.334375 0.4890625 0.66875
3 0.71171875 0.5625 0.3640625 0.2125
3 0.5828125 0.4390625 0.10625 0.271875
3 0.625 0.27578125 0.190625 0.2015625
7 0.86484375 0.4859375 0.2703125 0.365625
7 0.66171875 0.09765625 0.2640625 0.1890625
7 0.7734375 0.22734375 0.1984375 0.3046875
1 0.7078125 0.40390625 0.209375 0.2375
9 0.7328125 0.39765625 0.0828125 0.0796875
8 0.7484375 0.06640625 0.1046875 0.10625
4 0.903125 0.06484375 0.18125 0.1296875
4 0.88046875 0.24140625 0.2390625 0.4828125
5 0.1171875 0.834375 0.234375 0.33125
5 0.246875 0.78125 0.334375 0.225
5 0.2015625 0.9453125 0.403125 0.109375
1 0.80703125 0.86171875 0.3859375 0.2765625
9 0.83125 0.78984375 0.14375 0.0640625