4 0.66953125 0.15 0.3796875 0.3
3 0.37421875 0.3359375 0.2109375 0.071875
3 0.39765625 0.61328125 0.1640625 0.4171875
1 0.12421875 0.82109375 0.2484375 0.3578125
7 0.23046875 0.55625 0.4609375 0.296875
7 0.1125 0.39296875 0.225 0.1859375
8 0.1703125 0.31015625 0.06875 0.0203125
8 0.03984375 0.53203125 0.0796875 0.0890625
2 0.23984375 0.65 0.4796875 0.7
3 0.61328125 0.3578125 0.2328125 0.115625
3 0.803125 0.66640625 0.2640625 0.346875
3 0.67890625 0.69921875 0.2640625 0.325
7 0.8546875 0.53515625 0.2515625 0.2640625
7 0.6296875 0.4734375 0.240625 0.19375
1 0.525 0.48828125 0.090625 0.1734375
8 0.94375 0.5984375 0.0734375 0.0796875
8 0.71171875 0.4078125 0.0375 0.0640625
8 0.54609375 0.359375 0.0484375 0.0640625