4 0.240625 0.15703125 0.378125 0.3140625
3 0.9078125 0.10625 0.184375 0.2125
3 0.8125 0.1140625 0.23125 0.228125
6 0.08828125 0.88515625 0.1765625 0.2296875
3 0.24140625 0.57578125 0.2015625 0.2359375
3 0.3328125 0.89453125 0.171875 0.2109375
3 0.24453125 0.903125 0.1796875 0.19375
7 0.21875 0.74453125 0.1828125 0.1609375
8 0.29921875 0.69375 0.025 0.04375
7 0.3640625 0.81015625 0.13125 0.1984375
1 0.1109375 0.74609375 0.15 0.128125
9 0.06015625 0.7703125 0.0203125 0.03125
4 0.71484375 0.72265625 0.5703125 0.5484375