4 0.21796875 0.54296875 0.2109375 0.2
7 0.83203125 0.70859375 0.1671875 0.0203125
8 0.90703125 0.6984375 0.0359375 0.0265625
1 0.4828125 0.66953125 0.065625 0.0828125
6 0.6296875 0.2203125 0.2234375 0.259375
6 0.81796875 0.353125 0.2890625 0.271875
6 0.80390625 0.52734375 0.33125 0.35
6 0.578125 0.453125 0.25625 0.35
9 0.0390625 0.88984375 0.078125 0.1546875
9 0.40859375 0.93125 0.0828125 0.1375
9 0.3375 0.775 0.090625 0.1125
1 0.0296875 0.75 0.059375 0.0625
1 0.109375 0.91953125 0.21875 0.1609375
1 0.334375 0.9359375 0.23125 0.128125
1 0.30859375 0.81875 0.2828125 0.2
1 0.08671875 0.78046875 0.1734375 0.1234375
2 0.725 0.859375 0.55 0.28125