4 0.46484375 0.28203125 0.2296875 0.5640625
4 0.8515625 0.1125 0.296875 0.225
7 0.45859375 0.68046875 0.2421875 0.2015625
7 0.28125 0.9 0.328125 0.2
3 0.08125 0.91640625 0.1625 0.1671875
3 0.16484375 0.81640625 0.3 0.1796875
4 0.215625 0.671875 0.171875 0.184375
4 0.48359375 0.9125 0.1921875 0.175
3 0.0734375 0.7375 0.146875 0.315625
2 0.78984375 0.78984375 0.4203125 0.4203125
7 0.69453125 0.8390625 0.2296875 0.29375
7 0.896875 0.6765625 0.20625 0.19375
8 0.7828125 0.6125 0.05625 0.065625
8 0.71484375 0.990625 0.1078125 0.01875