4 0.13515625 0.271875 0.2703125 0.534375
8 0.86875 0.33046875 0.0625 0.0796875
1 0.896875 0.24921875 0.1203125 0.225
7 0.6765625 0.2125 0.40625 0.275
4 0.48828125 0.28359375 0.1984375 0.4109375
3 0.8453125 0.1296875 0.175 0.259375
3 0.6734375 0.08203125 0.30625 0.1640625
2 0.1921875 0.76953125 0.384375 0.4609375
7 0.74921875 0.75546875 0.2546875 0.4328125
7 0.42890625 0.6765625 0.0796875 0.2
1 0.40859375 0.7375 0.0390625 0.071875
8 0.41875 0.56796875 0.05625 0.0375
8 0.40390625 0.80703125 0.0296875 0.0796875
4 0.59375 0.69765625 0.1359375 0.2765625
3 0.553125 0.88359375 0.26875 0.159375
3 0.4296875 0.83671875 0.08125 0.2265625