4 0.11640625 0.56796875 0.2328125 0.3828125
7 0.51171875 0.3484375 0.1859375 0.465625
7 0.73046875 0.0921875 0.1953125 0.184375
4 0.51796875 0.13515625 0.1984375 0.2703125
4 0.88046875 0.046875 0.2390625 0.09375
1 0.88203125 0.13671875 0.2359375 0.2734375
9 0.91953125 0.0640625 0.075 0.08125
3 0.6421875 0.278125 0.2078125 0.3453125
3 0.78671875 0.42578125 0.3078125 0.34375
1 0.7765625 0.64609375 0.21875 0.2265625
9 0.76328125 0.56953125 0.05 0.05625
7 0.8859375 0.5875 0.165625 0.34375
8 0.93203125 0.40390625 0.0859375 0.059375
3 0.959375 0.26015625 0.08125 0.4578125
4 0.3390625 0.8796875 0.159375 0.240625
2 0.709375 0.8796875 0.58125 0.240625