4 0.234375 0.453125 0.46875 0.553125
2 0.734375 0.36484375 0.53125 0.7296875
6 0.734375 0.615625 0.53125 0.228125
7 0.90234375 0.2171875 0.1953125 0.153125
7 0.896875 0.4046875 0.20625 0.1625
1 0.9765625 0.515625 0.046875 0.15625
8 0.80078125 0.1859375 0.0390625 0.0546875
8 0.98671875 0.3421875 0.0265625 0.03125
3 0.64765625 0.29765625 0.234375 0.2015625
3 0.809375 0.4953125 0.2265625 0.1546875
4 0.234375 0.86484375 0.46875 0.2703125
2 0.734375 0.86484375 0.53125 0.2703125
7 0.60546875 0.75078125 0.1109375 0.0421875
8 0.5453125 0.7453125 0.028125 0.03125