4 0.29453125 0.1703125 0.5890625 0.340625
8 0.62890625 0.0421875 0.0796875 0.0625
7 0.6625 0.23515625 0.146875 0.3890625
4 0.78671875 0.35078125 0.2296875 0.1578125
6 0.4125 0.79296875 0.353125 0.4140625
3 0.19375 0.46796875 0.209375 0.0765625
3 0.08984375 0.725 0.1796875 0.2625
3 0.17734375 0.7390625 0.1875 0.2484375
7 0.21015625 0.55625 0.1890625 0.1671875
8 0.13125 0.50234375 0.0265625 0.0453125
7 0.06484375 0.61640625 0.1296875 0.2015625
1 0.31796875 0.56171875 0.153125 0.1328125
9 0.36953125 0.58828125 0.021875 0.03125
4 0.9078125 0.71484375 0.184375 0.5703125