4 0.2765625 0.0578125 0.503125 0.115625
3 0.77421875 0.16953125 0.1296875 0.3390625
3 0.19609375 0.4015625 0.2828125 0.125
3 0.22109375 0.81015625 0.1984375 0.31875
3 0.334375 0.7953125 0.209375 0.3140625
8 0.33125 0.36875 0.034375 0.053125
8 0.17578125 0.50234375 0.03125 0.0578125
8 0.01875 0.87109375 0.0375 0.0671875
7 0.103125 0.7578125 0.20625 0.25625
7 0.29453125 0.540625 0.225 0.2
1 0.42734375 0.503125 0.1859375 0.1640625
9 0.50390625 0.51484375 0.0234375 0.040625
4 0.8546875 0.5453125 0.290625 0.2375