4 0.26953125 0.1546875 0.5390625 0.309375
4 0.8171875 0.1546875 0.365625 0.309375
8 0.20390625 0.89296875 0.15 0.0890625
7 0.3 0.59765625 0.365625 0.5765625
6 0.67890625 0.35234375 0.2796875 0.0859375
6 0.8734375 0.35625 0.253125 0.09375
6 0.86484375 0.4671875 0.2703125 0.315625
6 0.6859375 0.46015625 0.29375 0.3015625
7 0.715625 0.81640625 0.140625 0.159375
7 0.80390625 0.803125 0.1921875 0.1515625
8 0.715625 0.73515625 0.0359375 0.0234375
8 0.88203125 0.825 0.034375 0.0390625
1 0.75546875 0.903125 0.1359375 0.1234375