0 0.2421875 0.3015625 0.253125 0.534375
0 0.1859375 0.20234375 0.1671875 0.321875
0 0.0875 0.321875 0.175 0.4046875
0 0.0578125 0.37578125 0.115625 0.3859375
0 0.05703125 0.1625 0.1140625 0.325
0 0.01796875 0.27578125 0.0359375 0.3859375
3 0.78515625 0.284375 0.4296875 0.56875
3 0.11328125 0.784375 0.2265625 0.43125
7 0.90546875 0.7078125 0.1890625 0.278125
7 0.49453125 0.8671875 0.1984375 0.265625
8 0.48046875 0.73125 0.0671875 0.0515625
4 0.8625 0.609375 0.246875 0.08125
1 0.53125 0.590625 0.18125 0.04375
3 0.70859375 0.6609375 0.1921875 0.184375
3 0.6015625 0.746875 0.2609375 0.221875
3 0.4328125 0.74609375 0.128125 0.3546875