0 0.32265625 0.2734375 0.3734375 0.35
0 0.37265625 0.36640625 0.2734375 0.2046875
8 0.5953125 0.43671875 0.075 0.0640625
7 0.5421875 0.2015625 0.065625 0.365625
1 0.90859375 0.22890625 0.1828125 0.1796875
9 0.9625 0.25625 0.0640625 0.0765625
3 0.8015625 0.2328125 0.2375 0.1765625
3 0.75859375 0.35703125 0.4671875 0.2234375
3 0.7828125 0.0625 0.271875 0.125
7 0.9515625 0.10078125 0.096875 0.1484375
4 0.98046875 0.21640625 0.0390625 0.1265625
6 0.3421875 0.5421875 0.334375 0.146875
6 0.228125 0.77578125 0.45625 0.4484375
6 0.1953125 0.5921875 0.390625 0.246875
4 0.70546875 0.77109375 0.3296875 0.4578125
4 0.884375 0.79453125 0.196875 0.4109375
7 0.8078125 0.6328125 0.321875 0.328125
3 0.6328125 0.6421875 0.246875 0.253125
1 0.5640625 0.8203125 0.109375 0.303125
9 0.52578125 0.80234375 0.0328125 0.1046875
1 0.59296875 0.534375 0.1671875 0.13125