0 0.26484375 0.11953125 0.0703125 0.2390625
0 0.12578125 0.17890625 0.2515625 0.3203125
7 0.42109375 0.115625 0.2171875 0.23125
7 0.76328125 0.0796875 0.4734375 0.159375
4 0.69609375 0.08671875 0.1828125 0.1734375
3 0.73671875 0.31640625 0.3515625 0.0453125
3 0.68125 0.21015625 0.3390625 0.2484375
1 0.425 0.246875 0.234375 0.184375
9 0.38046875 0.24375 0.0953125 0.075
3 0.14921875 0.54453125 0.284375 0.3578125
1 0.121875 0.440625 0.24375 0.203125
7 0.15 0.86328125 0.3 0.2734375
3 0.57109375 0.66953125 0.3984375 0.6609375