0 0.35546875 0.24375 0.4484375 0.4875
3 0.8125 0.1875 0.375 0.375
4 0.05546875 0.59765625 0.1109375 0.1765625
4 0.01953125 0.75390625 0.0390625 0.3796875
9 0.0359375 0.8875 0.071875 0.109375
1 0.09921875 0.8765625 0.1984375 0.246875
7 0.34140625 0.63515625 0.4765625 0.2515625
7 0.4859375 0.57578125 0.1875 0.1328125
7 0.496875 0.84296875 0.165625 0.3140625
3 0.2484375 0.92421875 0.25625 0.1515625
3 0.3296875 0.8109375 0.4 0.3578125
1 0.4765625 0.85546875 0.20625 0.2890625
5 0.8109375 0.71328125 0.378125 0.4078125