0 0.90234375 0.29375 0.1953125 0.1125
0 0.940625 0.146875 0.11875 0.29375
0 0.9515625 0.06796875 0.096875 0.1359375
0 0.653125 0.159375 0.25625 0.2578125
4 0.25859375 0.5859375 0.1421875 0.471875
3 0.16171875 0.70546875 0.1734375 0.2890625
1 0.16484375 0.90078125 0.3296875 0.1734375
1 0.02890625 0.54765625 0.0578125 0.2453125
7 0.103125 0.46796875 0.18125 0.2359375
1 0.890625 0.6921875 0.21875 0.553125
1 0.64296875 0.6375 0.2859375 0.51875
9 0.67109375 0.425 0.103125 0.053125
9 0.965625 0.478125 0.06875 0.05625