0 0.34296875 0.06875 0.0921875 0.1375
8 0.42578125 0.30546875 0.0734375 0.0671875
7 0.4375 0.16953125 0.096875 0.3390625
7 0.51171875 0.11015625 0.2015625 0.2203125
7 0.69453125 0.16953125 0.5578125 0.3390625
1 0.24765625 0.94765625 0.2828125 0.1046875
8 0.2609375 0.5921875 0.040625 0.059375
7 0.13203125 0.6359375 0.2640625 0.196875
7 0.02421875 0.828125 0.0484375 0.34375
3 0.1296875 0.9421875 0.259375 0.115625
3 0.22421875 0.7375 0.3296875 0.3375
3 0.20234375 0.803125 0.175 0.296875
1 0.0875 0.8140625 0.175 0.265625
9 0.05703125 0.72734375 0.05 0.046875
1 0.603125 0.7234375 0.428125 0.553125
9 0.540625 0.5484375 0.1390625 0.071875