0 0.3390625 0.375 0.1609375 0.225
0 0.66015625 0.659375 0.0796875 0.0875
0 0.584375 0.67734375 0.15 0.3015625
0 0.48671875 0.5734375 0.0703125 0.109375
0 0.29296875 0.6546875 0.0828125 0.2703125
0 0.46328125 0.8015625 0.2109375 0.396875
0 0.31796875 0.87109375 0.1703125 0.1453125
0 0.159375 0.8515625 0.1859375 0.121875
0 0.246875 0.946875 0.178125 0.10625
7 0.86015625 0.5546875 0.2796875 0.071875
7 0.8671875 0.678125 0.265625 0.234375
7 0.85 0.88671875 0.3 0.2265625
8 0.72421875 0.66015625 0.0484375 0.1296875