0 0.0796875 0.14921875 0.15625 0.215625
7 0.80859375 0.29375 0.3828125 0.171875
7 0.9140625 0.11875 0.171875 0.2375
7 0.765625 0.1203125 0.1265625 0.190625
7 0.66484375 0.06953125 0.1203125 0.1390625
7 0.621875 0.16796875 0.1578125 0.18125
8 0.58671875 0.0734375 0.0734375 0.071875
8 0.60234375 0.28125 0.0375 0.0546875
8 0.75546875 0.021875 0.0640625 0.04375
5 0.10234375 0.63125 0.2046875 0.275
5 0.321875 0.5859375 0.275 0.14375
5 0.08046875 0.87109375 0.1609375 0.2578125
5 0.275 0.81015625 0.36875 0.3765625
3 0.696875 0.69453125 0.475 0.6109375