0 0.4171875 0.1875 0.2015625 0.2453125
0 0.66640625 0.12890625 0.084375 0.1359375
0 0.65625 0.32421875 0.1125 0.1546875
0 0.771875 0.28203125 0.178125 0.16875
0 0.68203125 0.4046875 0.1453125 0.109375
7 0.11875 0.68046875 0.1875 0.4421875
7 0.41484375 0.9609375 0.1953125 0.078125
8 0.49375 0.934375 0.0734375 0.053125
4 0.18515625 0.5875 0.2546875 0.25625
4 0.54296875 0.5515625 0.1140625 0.184375
7 0.4328125 0.5609375 0.18125 0.203125
1 0.515625 0.684375 0.16875 0.228125
9 0.55078125 0.63671875 0.0671875 0.084375
3 0.30234375 0.72890625 0.203125 0.3015625
3 0.3640625 0.89296875 0.28125 0.2140625
3 0.55 0.81796875 0.1 0.3640625
5 0.75546875 0.73046875 0.3109375 0.5390625