0 0.37265625 0.13515625 0.2140625 0.2703125
0 0.05 0.15859375 0.1 0.2953125
0 0.1015625 0.07890625 0.203125 0.1578125
0 0.12109375 0.115625 0.1359375 0.23125
0 0.284375 0.08125 0.19375 0.1625
0 0.17421875 0.165625 0.1328125 0.278125
0 0.17109375 0.2640625 0.1078125 0.25625
0 0.19453125 0.35546875 0.1484375 0.3171875
0 0.384375 0.24609375 0.209375 0.4359375
7 0.63125 0.3484375 0.284375 0.340625
7 0.9265625 0.4390625 0.146875 0.159375
3 0.78359375 0.23203125 0.3765625 0.4640625
3 0.94140625 0.23203125 0.1171875 0.2203125
1 0.90078125 0.34609375 0.159375 0.1765625
4 0.79765625 0.35625 0.3046875 0.325
9 0.87265625 0.34609375 0.04375 0.0515625
8 0.890625 0.01953125 0.06875 0.0390625
8 0.9734375 0.36953125 0.053125 0.1140625
7 0.296875 0.759375 0.384375 0.48125
7 0.1875 0.81328125 0.375 0.3734375
2 0.74453125 0.759375 0.5109375 0.48125