0 0.0421875 0.053125 0.084375 0.09375
0 0.1203125 0.10546875 0.171875 0.2109375
0 0.4 0.06328125 0.103125 0.1265625
0 0.25859375 0.2 0.2421875 0.4
0 0.41015625 0.2046875 0.178125 0.15625
0 0.51640625 0.1609375 0.1046875 0.134375
0 0.4859375 0.3296875 0.165625 0.240625
2 0.68359375 0.3296875 0.2296875 0.659375
2 0.825 0.23671875 0.35 0.4734375
2 0.8734375 0.47421875 0.253125 0.3703125
7 0.1015625 0.8296875 0.203125 0.340625
7 0.43984375 0.8046875 0.1859375 0.290625
4 0.24765625 0.790625 0.2515625 0.2625
4 0.4765625 0.88515625 0.184375 0.2296875
5 0.7703125 0.86953125 0.209375 0.2609375