0 0.1234375 0.1109375 0.246875 0.221875
0 0.30078125 0.0921875 0.2828125 0.184375
5 0.85 0.175 0.3 0.35
7 0.04765625 0.7984375 0.0953125 0.403125
7 0.31953125 0.82890625 0.2140625 0.3203125
3 0.10703125 0.59375 0.2140625 0.4875
3 0.23203125 0.534375 0.1765625 0.2265625
3 0.459375 0.71015625 0.2015625 0.3375
1 0.4734375 0.5578125 0.2421875 0.2328125
1 0.196875 0.6765625 0.1578125 0.1796875
4 0.490625 0.85703125 0.309375 0.2859375
4 0.13125 0.77421875 0.2625 0.4515625
9 0.16796875 0.6859375 0.0421875 0.053125
8 0.07578125 0.35546875 0.0703125 0.0109375
8 0.30703125 0.66796875 0.109375 0.1140625
3 0.83515625 0.675 0.2703125 0.65