0 0.4703125 0.31796875 0.078125 0.2984375
0 0.4234375 0.20078125 0.0703125 0.1265625
0 0.22421875 0.271875 0.0859375 0.2671875
0 0.37890625 0.38125 0.2140625 0.296875
0 0.23046875 0.471875 0.1703125 0.115625
0 0.08515625 0.45390625 0.1703125 0.1234375
9 0.9328125 0.0546875 0.134375 0.109375
9 0.559375 0.0671875 0.1 0.11875
1 0.840625 0.2046875 0.31875 0.409375
1 0.6703125 0.2 0.321875 0.4
1 0.2921875 0.7609375 0.23125 0.265625
9 0.259375 0.76015625 0.0890625 0.1
3 0.3015625 0.91953125 0.415625 0.1609375
3 0.39375 0.6015625 0.23125 0.14375
3 0.45859375 0.784375 0.1015625 0.259375
7 0.08828125 0.8703125 0.1765625 0.259375
4 0.0953125 0.69140625 0.190625 0.3234375
0 0.73359375 0.734375 0.1828125 0.2015625
0 0.78125 0.95546875 0.11875 0.0890625
0 0.73515625 0.91484375 0.1203125 0.1703125
0 0.65546875 0.915625 0.0953125 0.16875