0 0.0671875 0.07734375 0.134375 0.1546875
2 0.5921875 0.1875 0.50625 0.375
2 0.84765625 0.3125 0.3046875 0.29375
2 0.53828125 0.39453125 0.3984375 0.1296875
2 0.8984375 0.1453125 0.203125 0.290625
1 0.20546875 0.7296875 0.2671875 0.540625
4 0.93359375 0.5484375 0.1328125 0.178125
1 0.54765625 0.92734375 0.1765625 0.1453125
1 0.94921875 0.79375 0.1015625 0.321875
3 0.69921875 0.82421875 0.3078125 0.3515625
3 0.8859375 0.86953125 0.228125 0.2609375
3 0.87109375 0.88203125 0.2578125 0.2359375
7 0.6125 0.60703125 0.225 0.2953125
7 0.4859375 0.60078125 0.121875 0.2828125
7 0.69609375 0.53359375 0.2046875 0.1484375