0 0.4125 0.31875 0.134375 0.2
0 0.4296875 0.25703125 0.1 0.3171875
0 0.42890625 0.11640625 0.1015625 0.2328125
0 0.31484375 0.10703125 0.2109375 0.2140625
0 0.11875 0.13203125 0.2375 0.2640625
0 0.0390625 0.06953125 0.078125 0.1390625
0 0.1296875 0.3421875 0.259375 0.153125
5 0.73984375 0.19140625 0.5203125 0.3828125
9 0.20234375 0.42421875 0.0671875 0.0109375
9 0.44140625 0.4640625 0.0703125 0.05
1 0.41484375 0.709375 0.1296875 0.58125
1 0.3625 0.709375 0.234375 0.58125
1 0.1765625 0.709375 0.346875 0.58125
1 0.05234375 0.709375 0.1046875 0.58125
7 0.57421875 0.615625 0.1890625 0.39375
7 0.74375 0.56171875 0.2 0.2859375
7 0.7359375 0.709375 0.15625 0.296875
7 0.625 0.75390625 0.1421875 0.3109375
7 0.52265625 0.73671875 0.0859375 0.3359375
8 0.75546875 0.55 0.071875 0.0734375
8 0.63125 0.58671875 0.078125 0.075
8 0.5109375 0.55234375 0.0625 0.0703125