0 0.16484375 0.2125 0.3296875 0.425
7 0.7453125 0.096875 0.33125 0.19375
7 0.76953125 0.35703125 0.3796875 0.3234375
7 0.16796875 0.6484375 0.2453125 0.259375
7 0.21953125 0.76484375 0.1046875 0.1265625
7 0.28828125 0.7359375 0.09375 0.121875
7 0.34453125 0.68046875 0.125 0.1375
7 0.3171875 0.59296875 0.16875 0.1484375
8 0.3421875 0.61484375 0.05625 0.0609375
8 0.2765625 0.678125 0.0625 0.0671875
8 0.20078125 0.70390625 0.0546875 0.05625
8 0.13359375 0.53359375 0.0859375 0.0296875
5 0.78984375 0.759375 0.4203125 0.48125