0 0.3796875 0.4515625 0.184375 0.06875
0 0.3578125 0.45859375 0.159375 0.2203125
0 0.35625 0.25390625 0.0859375 0.234375
0 0.23984375 0.2546875 0.09375 0.1453125
0 0.23046875 0.37890625 0.121875 0.1765625
0 0.0734375 0.3484375 0.0625 0.084375
0 0.1453125 0.353125 0.215625 0.38125
1 0.9125 0.46640625 0.175 0.2046875
3 0.84921875 0.2421875 0.3015625 0.4125
3 0.940625 0.2921875 0.11875 0.246875
9 0.95859375 0.53359375 0.0828125 0.0703125
3 0.48671875 0.78515625 0.0640625 0.4296875
3 0.403125 0.790625 0.23125 0.41875
3 0.23515625 0.784375 0.1984375 0.43125
3 0.1015625 0.77109375 0.203125 0.4046875
3 0.03984375 0.73359375 0.0796875 0.3296875
5 0.65390625 0.790625 0.1578125 0.1640625