0 0.23984375 0.221875 0.2390625 0.44375
8 0.9765625 0.5984375 0.046875 0.0625
7 0.88515625 0.375 0.2296875 0.44375
7 0.38828125 0.0875 0.0578125 0.175
4 0.51015625 0.18515625 0.2203125 0.3703125
1 0.78046875 0.44765625 0.2828125 0.3640625
3 0.425 0.259375 0.13125 0.371875
7 0.1515625 0.86484375 0.303125 0.2703125
8 0.16953125 0.71484375 0.09375 0.0625
8 0.0296875 0.8453125 0.059375 0.115625
1 0.91953125 0.81484375 0.1609375 0.3703125
1 0.78359375 0.81484375 0.4203125 0.3703125
1 0.553125 0.81484375 0.3875 0.3703125
1 0.4265625 0.8359375 0.134375 0.328125
9 0.48125 0.690625 0.1078125 0.1171875