0 0.39140625 0.28984375 0.4515625 0.5796875
0 0.10703125 0.3453125 0.2140625 0.46875
0 0.0859375 0.1734375 0.171875 0.346875
0 0.43515625 0.0125 0.1265625 0.025
8 0.715625 0.05390625 0.05625 0.04375
8 0.7609375 0.08359375 0.071875 0.0515625
8 0.8890625 0.04375 0.0578125 0.0453125
8 0.98984375 0.26484375 0.0203125 0.0484375
7 0.725 0.28984375 0.13125 0.5796875
7 0.734375 0.19609375 0.1015625 0.253125
7 0.796875 0.25390625 0.159375 0.3296875
7 0.90546875 0.19453125 0.1546875 0.275
7 0.8296875 0.4171875 0.340625 0.325
5 0.18828125 0.7546875 0.2921875 0.35
5 0.371875 0.6515625 0.315625 0.14375
8 0.8421875 0.58671875 0.046875 0.0140625
8 0.84921875 0.678125 0.053125 0.0703125
8 0.82421875 0.80625 0.0609375 0.078125
7 0.92578125 0.671875 0.1484375 0.184375
7 0.90625 0.80703125 0.1875 0.2671875