0 0.28203125 0.07109375 0.2484375 0.1421875
0 0.1859375 0.228125 0.265625 0.3078125
0 0.36875 0.16484375 0.140625 0.3046875
7 0.6296875 0.15625 0.3375 0.3125
7 0.58359375 0.31875 0.2890625 0.228125
7 0.53828125 0.43046875 0.1984375 0.1765625
7 0.5453125 0.4921875 0.2125 0.115625
8 0.64453125 0.4296875 0.0375 0.0546875
8 0.65625 0.5203125 0.046875 0.059375
7 0.25703125 0.62734375 0.3640625 0.1546875
7 0.23984375 0.68046875 0.3984375 0.2609375
7 0.21640625 0.859375 0.4265625 0.278125
7 0.21875 0.95859375 0.4375 0.0828125
8 0.41640625 0.878125 0.0453125 0.134375
5 0.71953125 0.71484375 0.5609375 0.3296875