0 0.2078125 0.396875 0.1546875 0.2046875
8 0.83125 0.040625 0.09375 0.08125
7 0.60546875 0.41953125 0.2921875 0.1984375
7 0.840625 0.2375 0.1671875 0.3421875
1 0.86015625 0.03515625 0.2796875 0.0703125
3 0.62109375 0.053125 0.1359375 0.10625
3 0.534375 0.1953125 0.15 0.390625
4 0.68984375 0.259375 0.2546875 0.51875
4 0.93828125 0.3125 0.1234375 0.4125
7 0.2296875 0.759375 0.459375 0.48125
7 0.7671875 0.58671875 0.465625 0.1359375
7 0.8015625 0.7421875 0.3890625 0.1953125
7 0.803125 0.87265625 0.39375 0.2109375
7 0.53984375 0.80625 0.1609375 0.3875
8 0.5109375 0.58125 0.0390625 0.0671875
8 0.48671875 0.61171875 0.0546875 0.0421875
8 0.9890625 0.675 0.021875 0.071875