9 0.1515625 0.05 0.10625 0.1
1 0.18046875 0.15 0.3609375 0.3
4 0.67109375 0.15 0.5046875 0.3
4 0.165625 0.54921875 0.33125 0.2390625
7 0.86953125 0.6703125 0.2609375 0.51875
8 0.97109375 0.42265625 0.0578125 0.1640625
7 0.55390625 0.43671875 0.1703125 0.2734375
7 0.46640625 0.915625 0.0953125 0.16875
7 0.575 0.971875 0.153125 0.05625
9 0.5796875 0.96796875 0.040625 0.034375
1 0.478125 0.55234375 0.11875 0.2609375
4 0.80625 0.48046875 0.184375 0.3609375
3 0.6796875 0.67421875 0.1515625 0.3
3 0.56171875 0.8359375 0.2859375 0.309375
8 0.428125 0.82890625 0.01875 0.0609375