9 0.275 0.21640625 0.125 0.1796875
9 0.53671875 0.11875 0.0640625 0.159375
9 0.22890625 0.04765625 0.1109375 0.0953125
1 0.04609375 0.24140625 0.0921875 0.4484375
1 0.2546875 0.28984375 0.45 0.3578125
1 0.49609375 0.3578125 0.1453125 0.221875
1 0.46484375 0.18828125 0.2078125 0.2859375
1 0.221875 0.1 0.371875 0.2
2 0.784375 0.234375 0.43125 0.46875
1 0.04453125 0.96875 0.0890625 0.0625
6 0.28125 0.596875 0.259375 0.25625
6 0.421875 0.7453125 0.29375 0.3125
6 0.38515625 0.8578125 0.3671875 0.284375
6 0.16953125 0.78984375 0.3390625 0.3984375
7 0.675 0.79609375 0.2125 0.4078125
1 0.9109375 0.7453125 0.178125 0.38125