9 0.0390625 0.29375 0.078125 0.090625
5 0.734375 0.16953125 0.53125 0.3390625
2 0.296875 0.390625 0.34375 0.103125
5 0.16015625 0.57421875 0.203125 0.2015625
5 0.3609375 0.6546875 0.215625 0.359375
5 0.27109375 0.87890625 0.3953125 0.2421875
2 0.62421875 0.51328125 0.3109375 0.3484375
3 0.74609375 0.48515625 0.1765625 0.184375
3 0.771875 0.415625 0.184375 0.153125
1 0.88359375 0.44140625 0.1203125 0.14375
8 0.86640625 0.49140625 0.040625 0.05
7 0.93515625 0.54765625 0.1296875 0.1796875
5 0.60078125 0.81484375 0.14375 0.15
5 0.82421875 0.85078125 0.3234375 0.2859375
5 0.92265625 0.90703125 0.1546875 0.1859375