1 0.3078125 0.07578125 0.5625 0.1515625
5 0.76328125 0.15 0.3484375 0.3
5 0.81640625 0.1734375 0.2140625 0.253125
2 0.2453125 0.56015625 0.490625 0.5203125
8 0.0359375 0.72265625 0.053125 0.0328125
7 0.1015625 0.63671875 0.1796875 0.1453125
3 0.17421875 0.47890625 0.0671875 0.1640625
3 0.0515625 0.425 0.103125 0.146875
1 0.10625 0.5078125 0.0796875 0.1328125
9 0.1078125 0.55 0.0234375 0.0234375
6 0.9625 0.440625 0.075 0.18125
6 0.890625 0.3953125 0.171875 0.190625
6 0.76015625 0.37578125 0.1515625 0.1375
6 0.77734375 0.496875 0.196875 0.19375
5 0.9171875 0.80859375 0.165625 0.3828125