1 0.16875 0.16953125 0.3375 0.3390625
5 0.73125 0.16953125 0.503125 0.3390625
2 0.32734375 0.65703125 0.3046875 0.6359375
5 0.115625 0.77265625 0.059375 0.078125
5 0.3921875 0.93671875 0.0828125 0.1
5 0.0859375 0.95390625 0.171875 0.0921875
5 0.084375 0.91953125 0.16875 0.1546875
3 0.2171875 0.67109375 0.134375 0.134375
3 0.23203125 0.73359375 0.1265625 0.1390625
3 0.07734375 0.71171875 0.065625 0.10625
1 0.1375 0.70546875 0.1015625 0.1015625
9 0.153125 0.7375 0.0203125 0.015625
8 0.08671875 0.809375 0.028125 0.0328125
7 0.04609375 0.8421875 0.0625 0.1171875
5 0.73984375 0.66953125 0.5203125 0.6609375