1 0.5046875 0.23203125 0.209375 0.2359375
9 0.52890625 0.265625 0.0796875 0.096875
2 0.8046875 0.175 0.390625 0.35
4 0.15859375 0.675 0.3171875 0.65
3 0.88203125 0.42109375 0.2359375 0.1421875
8 0.80703125 0.3953125 0.05625 0.0609375
8 0.946875 0.4828125 0.046875 0.05625
7 0.95546875 0.64296875 0.0890625 0.2421875
7 0.85 0.5328125 0.2328125 0.2375
1 0.7125 0.5125 0.1703125 0.190625
9 0.64609375 0.5265625 0.0234375 0.05
3 0.9015625 0.76015625 0.196875 0.3109375
3 0.82265625 0.76171875 0.271875 0.309375