5 0.184375 0.184375 0.36875 0.36875
5 0.684375 0.184375 0.63125 0.36875
5 0.184375 0.684375 0.36875 0.63125
5 0.89609375 0.8078125 0.2078125 0.384375
5 0.66953125 0.75234375 0.6015625 0.4953125
2 0.8671875 0.44453125 0.265625 0.1515625
7 0.56796875 0.5765625 0.1640625 0.1734375
8 0.64140625 0.52109375 0.0296875 0.04375
8 0.60546875 0.4140625 0.028125 0.040625
3 0.50625 0.478125 0.275 0.21875
3 0.7515625 0.396875 0.178125 0.05625
3 0.79921875 0.42421875 0.1734375 0.1109375
5 0.66015625 0.47734375 0.0734375 0.084375
1 0.6640625 0.41875 0.125 0.1
9 0.69296875 0.42421875 0.028125 0.034375