5 0.290625 0.259375 0.58125 0.51875
1 0.94375 0.3078125 0.1125 0.421875
2 0.06015625 0.67265625 0.1203125 0.3078125
5 0.4171875 0.91328125 0.525 0.1734375
3 0.1171875 0.68125 0.2140625 0.159375
3 0.09296875 0.771875 0.1859375 0.190625
3 0.48984375 0.7140625 0.3796875 0.221875
8 0.3296875 0.7109375 0.034375 0.0484375
8 0.3296875 0.86875 0.0328125 0.0578125
7 0.45703125 0.90546875 0.2359375 0.1890625
1 0.2484375 0.7140625 0.13125 0.171875
9 0.22265625 0.7625 0.028125 0.040625
5 0.79375 0.6875 0.228125 0.3375