5 0.3984375 0.18984375 0.340625 0.3796875
4 0.91484375 0.08515625 0.1703125 0.1703125
4 0.596875 0.2421875 0.05625 0.353125
7 0.7421875 0.05625 0.3375 0.1125
7 0.81171875 0.38515625 0.2546875 0.4296875
1 0.9296875 0.53046875 0.140625 0.1390625
9 0.97578125 0.58125 0.0484375 0.0375
8 0.77578125 0.59453125 0.0890625 0.0109375
5 0.284375 0.8 0.56875 0.4
5 0.70234375 0.76484375 0.2671875 0.3296875
5 0.7703125 0.93984375 0.403125 0.1203125
2 0.959375 0.72734375 0.08125 0.1796875
3 0.9328125 0.66015625 0.134375 0.1203125
8 0.90078125 0.65078125 0.0515625 0.0609375