5 0.25 0.33359375 0.5 0.5703125
9 0.55625 0.3890625 0.0734375 0.0578125
1 0.54140625 0.5453125 0.0828125 0.228125
1 0.60625 0.39609375 0.2125 0.2109375
4 0.72421875 0.06015625 0.3140625 0.1203125
4 0.56640625 0.08828125 0.1328125 0.1765625
8 0.5203125 0.2515625 0.040625 0.084375
7 0.721875 0.19921875 0.409375 0.25
6 0.42265625 0.8296875 0.1546875 0.340625
6 0.25 0.8296875 0.5 0.340625
5 0.7265625 0.8171875 0.453125 0.315625
3 0.64453125 0.9171875 0.2859375 0.165625
7 0.72734375 0.84765625 0.2140625 0.2140625
8 0.80859375 0.890625 0.05 0.053125
5 0.70390625 0.93828125 0.1328125 0.1234375
3 0.9796875 0.9640625 0.040625 0.071875