5 0.24453125 0.2546875 0.4890625 0.509375
5 0.74453125 0.40078125 0.5109375 0.2171875
2 0.15390625 0.80859375 0.3078125 0.2984375
6 0.41953125 0.590625 0.1390625 0.1625
7 0.246875 0.65703125 0.0546875 0.06875
8 0.26640625 0.6796875 0.0171875 0.0234375
1 0.15 0.99140625 0.0875 0.0171875
3 0.09140625 0.95859375 0.0734375 0.0828125
3 0.14765625 0.94765625 0.059375 0.078125
2 0.65390625 0.96328125 0.1734375 0.0734375
8 0.81171875 0.62890625 0.05 0.0484375
7 0.89921875 0.60234375 0.2015625 0.1671875
7 0.81640625 0.89296875 0.1109375 0.2140625
3 0.9734375 0.84609375 0.053125 0.3078125
3 0.93046875 0.8828125 0.1390625 0.234375