5 0.16328125 0.2546875 0.2921875 0.509375
5 0.68203125 0.23046875 0.6359375 0.4609375
1 0.14921875 0.6375 0.2984375 0.25625
6 0.9671875 0.78359375 0.0453125 0.159375
2 0.3671875 0.86640625 0.115625 0.2671875
5 0.7703125 0.94375 0.459375 0.1125
3 0.62265625 0.8625 0.1921875 0.09375
8 0.55 0.8890625 0.0234375 0.0296875
1 0.50859375 0.9015625 0.053125 0.090625
9 0.5078125 0.93359375 0.015625 0.0171875
3 0.43359375 0.90234375 0.1171875 0.0796875
3 0.440625 0.95703125 0.109375 0.0859375
5 0.5484375 0.94375 0.05 0.05625
7 0.628125 0.96328125 0.11875 0.0734375
8 0.58046875 0.96953125 0.021875 0.0265625