5 0.2796875 0.2640625 0.559375 0.421875
7 0.790625 0.46328125 0.41875 0.2734375
8 0.90546875 0.278125 0.1890625 0.21875
2 0.33203125 0.8 0.4546875 0.4
5 0.6609375 0.95078125 0.203125 0.0984375
3 0.9421875 0.6703125 0.115625 0.140625
8 0.93828125 0.7046875 0.0453125 0.04375
8 0.834375 0.74765625 0.046875 0.0390625
7 0.75234375 0.684375 0.1796875 0.1203125
3 0.60078125 0.63203125 0.0828125 0.0640625
3 0.59140625 0.67421875 0.0640625 0.1484375
1 0.675 0.63984375 0.1 0.0796875
9 0.659375 0.65625 0.0234375 0.03125