5 0.2 0.32265625 0.4 0.5140625
2 0.5734375 0.07421875 0.346875 0.1484375
5 0.77109375 0.0421875 0.084375 0.065625
5 0.8859375 0.12109375 0.228125 0.2421875
5 0.79296875 0.38515625 0.4140625 0.3890625
5 0.60078125 0.2578125 0.059375 0.05
3 0.59140625 0.15859375 0.09375 0.10625
3 0.5296875 0.16640625 0.0765625 0.1046875
1 0.546875 0.234375 0.096875 0.0625
9 0.58515625 0.2234375 0.01875 0.0171875
3 0.5359375 0.35859375 0.1046875 0.20625
8 0.5484375 0.27109375 0.0265625 0.0203125
8 0.6390625 0.275 0.028125 0.021875
7 0.65703125 0.3203125 0.1078125 0.1203125
5 0.2 0.84375 0.4 0.3125
5 0.7 0.78359375 0.6 0.4078125