5 0.259375 0.225 0.51875 0.45
2 0.75859375 0.09765625 0.4109375 0.1953125
5 0.971875 0.09765625 0.05625 0.0703125
5 0.7984375 0.32578125 0.0640625 0.053125
3 0.7921875 0.21875 0.1 0.1140625
3 0.7234375 0.22265625 0.08125 0.1125
1 0.73984375 0.3 0.1046875 0.0640625
9 0.78125 0.28828125 0.0203125 0.01875
3 0.72265625 0.3859375 0.1078125 0.128125
8 0.74140625 0.3375 0.0296875 0.021875
8 0.8375 0.34609375 0.0296875 0.0234375
7 0.85546875 0.39140625 0.1140625 0.1171875
5 0.29296875 0.6875 0.4515625 0.40625
5 0.2421875 0.8453125 0.4 0.309375
1 0.72265625 0.7578125 0.4078125 0.484375