5 0.2046875 0.2390625 0.409375 0.478125
5 0.66796875 0.2546875 0.5171875 0.509375
2 0.25625 0.63203125 0.30625 0.2453125
5 0.13046875 0.72578125 0.0671875 0.0625
5 0.34375 0.8203125 0.053125 0.053125
5 0.1265625 0.85390625 0.03125 0.0875
7 0.30703125 0.88515625 0.1046875 0.1140625
8 0.3125 0.8453125 0.0296875 0.021875
1 0.37109375 0.7796875 0.0765625 0.05625
9 0.3453125 0.78359375 0.0171875 0.0234375
3 0.39140625 0.8640625 0.0359375 0.18125
3 0.3171875 0.7421875 0.0796875 0.0953125
3 0.36953125 0.7203125 0.0640625 0.0796875
5 0.26328125 0.915625 0.2921875 0.16875
5 0.48984375 0.82890625 0.1609375 0.3421875
5 0.7171875 0.7546875 0.565625 0.490625
7 0.68671875 0.5359375 0.1484375 0.053125