5 0.16953125 0.33984375 0.3390625 0.6796875
6 0.5921875 0.1734375 0.50625 0.346875
6 0.846875 0.153125 0.30625 0.215625
6 0.61953125 0.44140625 0.5609375 0.4765625
6 0.80234375 0.43046875 0.3953125 0.4765625
5 0.16953125 0.83984375 0.3390625 0.3203125
5 0.646875 0.8765625 0.615625 0.246875
7 0.7109375 0.82265625 0.1671875 0.175
8 0.63359375 0.76640625 0.0296875 0.0453125
3 0.796875 0.75546875 0.33125 0.1515625
3 0.46953125 0.703125 0.1765625 0.046875
5 0.6140625 0.72265625 0.0734375 0.0859375
1 0.60703125 0.69609375 0.1265625 0.0328125