5 0.209375 0.29453125 0.41875 0.5890625
3 0.77734375 0.0609375 0.3265625 0.121875
8 0.66796875 0.01875 0.0609375 0.0375
8 0.790625 0.21484375 0.05625 0.0546875
7 0.68046875 0.2140625 0.259375 0.203125
1 0.54453125 0.109375 0.2515625 0.184375
9 0.4609375 0.10078125 0.0546875 0.0375
7 0.853125 0.475 0.15625 0.228125
3 0.61015625 0.4515625 0.2515625 0.275
3 0.72578125 0.47734375 0.2234375 0.2234375
5 0.209375 0.79453125 0.41875 0.4109375
5 0.78515625 0.7671875 0.4296875 0.35625
5 0.6328125 0.78359375 0.428125 0.3890625
5 0.53671875 0.9546875 0.1140625 0.090625