5 0.26484375 0.19453125 0.5296875 0.3890625
3 0.76484375 0.19453125 0.4703125 0.3890625
3 0.9203125 0.19453125 0.159375 0.3890625
2 0.11875 0.57890625 0.221875 0.3703125
5 0.3375 0.88828125 0.384375 0.2234375
3 0.19375 0.63125 0.2171875 0.175
3 0.14375 0.709375 0.2296875 0.20625
3 0.43828125 0.71875 0.1828125 0.2625
8 0.38671875 0.690625 0.0390625 0.05
8 0.3640625 0.8359375 0.0390625 0.0578125
7 0.440625 0.89296875 0.178125 0.2140625
1 0.31015625 0.68125 0.14375 0.1765625
9 0.28125 0.72421875 0.03125 0.040625
5 0.76484375 0.70546875 0.4703125 0.5890625