5 0.2546875 0.31484375 0.509375 0.4484375
2 0.578125 0.21328125 0.1375 0.4265625
5 0.5171875 0.4734375 0.015625 0.1
5 0.80546875 0.440625 0.1671875 0.196875
5 0.7796875 0.3125 0.046875 0.0671875
3 0.84609375 0.25234375 0.090625 0.11875
8 0.8140625 0.25234375 0.0234375 0.0328125
3 0.678125 0.2125 0.1203125 0.1046875
3 0.66015625 0.27890625 0.1109375 0.1171875
1 0.7625 0.2453125 0.0765625 0.096875
9 0.74296875 0.28046875 0.0171875 0.01875
8 0.80390625 0.353125 0.0171875 0.0296875
2 0.2046875 0.76953125 0.409375 0.4609375
1 0.86796875 0.61484375 0.2640625 0.1515625