5 0.31953125 0.2296875 0.6390625 0.459375
5 0.81953125 0.2296875 0.3609375 0.459375
4 0.496875 0.5234375 0.225 0.128125
4 0.3296875 0.74453125 0.453125 0.5109375
7 0.19921875 0.57890625 0.3640625 0.2390625
7 0.5265625 0.87109375 0.225 0.2578125
2 0.85703125 0.58984375 0.2859375 0.2609375
1 0.69453125 0.5140625 0.0578125 0.109375
9 0.68203125 0.53671875 0.028125 0.0328125
3 0.76171875 0.5015625 0.1796875 0.084375
3 0.796875 0.53515625 0.178125 0.1515625
5 0.8859375 0.81328125 0.228125 0.2453125
5 0.68359375 0.8421875 0.0890625 0.15625
5 0.73984375 0.92109375 0.2015625 0.1578125