5 0.271875 0.1546875 0.39375 0.309375
5 0.734375 0.1546875 0.53125 0.309375
5 0.234375 0.63671875 0.46875 0.6546875
2 0.92890625 0.64921875 0.1421875 0.3921875
5 0.61875 0.86015625 0.3 0.2796875
3 0.8703125 0.6734375 0.228125 0.1796875
3 0.88515625 0.77265625 0.2296875 0.2109375
3 0.58046875 0.61796875 0.2234375 0.2578125
8 0.65234375 0.653125 0.0390625 0.053125
8 0.61640625 0.81015625 0.040625 0.0625
7 0.5375 0.82734375 0.1375 0.2328125
1 0.7328125 0.675 0.146875 0.184375
9 0.74609375 0.7296875 0.0328125 0.0421875