5 0.31953125 0.184375 0.6390625 0.36875
5 0.81953125 0.184375 0.3609375 0.36875
2 0.47421875 0.6 0.3296875 0.4625
5 0.45390625 0.84375 0.0828125 0.1109375
5 0.3640625 0.9359375 0.41875 0.128125
5 0.11328125 0.82421875 0.2265625 0.3515625
5 0.18125 0.6375 0.0546875 0.075
3 0.10234375 0.56484375 0.1453125 0.1375
8 0.1546875 0.56953125 0.0296875 0.0375
3 0.29921875 0.54921875 0.1359375 0.1203125
3 0.3078125 0.61953125 0.128125 0.1328125
1 0.20859375 0.56953125 0.0890625 0.109375
9 0.22421875 0.609375 0.0203125 0.0203125
8 0.15 0.67578125 0.021875 0.03125
6 0.7125 0.809375 0.146875 0.38125
3 0.859375 0.67890625 0.1609375 0.3859375
8 0.83125 0.79140625 0.0703125 0.0640625