5 0.21484375 0.28359375 0.4296875 0.5671875
5 0.85390625 0.17734375 0.153125 0.2546875
5 0.7921875 0.0984375 0.08125 0.05625
2 0.61796875 0.0859375 0.3765625 0.171875
3 0.609375 0.1671875 0.0703125 0.0953125
3 0.55625 0.165625 0.05625 0.0953125
5 0.76015625 0.41171875 0.3953125 0.3359375
7 0.6390625 0.3390625 0.090625 0.1046875
8 0.628125 0.28671875 0.0265625 0.0203125
8 0.5515625 0.25859375 0.0203125 0.021875
3 0.52421875 0.33671875 0.103125 0.1984375
5 0.59765625 0.2609375 0.05 0.05
1 0.55703125 0.22734375 0.0828125 0.04375
9 0.58828125 0.22421875 0.0125 0.0125
5 0.21484375 0.8359375 0.4296875 0.328125
1 0.6265625 0.75703125 0.39375 0.3546875