5 0.2 0.25546875 0.4 0.1890625
2 0.7 0.175 0.6 0.35
3 0.665625 0.2734375 0.215625 0.153125
3 0.69609375 0.3046875 0.2421875 0.090625
1 0.54375 0.31875 0.121875 0.0625
3 0.17265625 0.3828125 0.3265625 0.065625
8 0.2 0.5 0.059375 0.0578125
8 0.33828125 0.93203125 0.0828125 0.0671875
7 0.11171875 0.50546875 0.2234375 0.2109375
1 0.0390625 0.43046875 0.078125 0.1609375
7 0.28125 0.78671875 0.1703125 0.2984375
3 0.08828125 0.79296875 0.1765625 0.3765625
3 0.16015625 0.82421875 0.2390625 0.3515625
5 0.94296875 0.81640625 0.1140625 0.3671875
5 0.70390625 0.765625 0.5921875 0.46875
2 0.90703125 0.44921875 0.1859375 0.1984375
7 0.6609375 0.61171875 0.165625 0.175
8 0.73203125 0.55390625 0.0296875 0.04375
8 0.69296875 0.44921875 0.0296875 0.0421875
3 0.571875 0.503125 0.325 0.2546875
3 0.834375 0.403125 0.178125 0.10625
3 0.8828125 0.42890625 0.175 0.1578125
5 0.74765625 0.509375 0.075 0.084375
1 0.75 0.43203125 0.128125 0.1421875
9 0.77890625 0.45703125 0.0265625 0.034375