5 0.209375 0.259375 0.41875 0.51875
7 0.52734375 0.14453125 0.2171875 0.2890625
4 0.72734375 0.12421875 0.3484375 0.2484375
7 0.8171875 0.30625 0.278125 0.30625
1 0.56953125 0.41640625 0.3015625 0.2046875
1 0.7671875 0.409375 0.409375 0.21875
8 0.6671875 0.3109375 0.090625 0.1046875
9 0.68984375 0.45234375 0.121875 0.10625
6 0.23828125 0.759375 0.3609375 0.48125
6 0.1546875 0.759375 0.309375 0.48125
9 0.86953125 0.909375 0.0484375 0.0234375
1 0.8875 0.9390625 0.175 0.121875
7 0.53359375 0.8359375 0.2296875 0.328125
4 0.44375 0.6671875 0.05 0.296875
4 0.571875 0.8484375 0.246875 0.303125
7 0.67890625 0.9296875 0.1890625 0.140625