5 0.29453125 0.2578125 0.5890625 0.515625
5 0.82109375 0.390625 0.3578125 0.35625
3 0.7875 0.1671875 0.19375 0.1
8 0.7125 0.17890625 0.0234375 0.0296875
1 0.66953125 0.18125 0.05625 0.0921875
9 0.6609375 0.21328125 0.015625 0.0171875
3 0.62109375 0.16484375 0.0640625 0.0828125
3 0.6171875 0.225 0.05625 0.09375
5 0.6984375 0.23046875 0.0515625 0.0578125
7 0.77109375 0.27890625 0.1203125 0.0984375
8 0.72578125 0.2640625 0.0234375 0.0265625
2 0.08671875 0.66796875 0.1734375 0.1984375
1 0.0109375 0.80234375 0.021875 0.0546875
3 0.02421875 0.896875 0.0484375 0.18125
3 0.00859375 0.74609375 0.0171875 0.0796875
1 0.79453125 0.9265625 0.4109375 0.146875