6 0.359375 0.24453125 0.259375 0.4890625
1 0.88828125 0.29765625 0.2234375 0.2984375
9 0.92265625 0.2375 0.0734375 0.0890625
1 0.7125 0.12265625 0.284375 0.2453125
9 0.703125 0.046875 0.1 0.09375
7 0.69375 0.34296875 0.353125 0.2921875
8 0.71171875 0.25 0.1015625 0.096875
4 0.5796875 0.18125 0.18125 0.3625
4 0.56328125 0.34140625 0.1484375 0.2953125
6 0.18359375 0.74453125 0.3671875 0.5109375
6 0.58203125 0.6390625 0.1859375 0.253125
6 0.70546875 0.74609375 0.26875 0.3453125
6 0.58046875 0.85703125 0.1828125 0.2859375
6 0.696875 0.5609375 0.34375 0.14375