6 0.25 0.21484375 0.5 0.4296875
4 0.61875 0.11796875 0.2375 0.2359375
4 0.8578125 0.15078125 0.284375 0.3015625
7 0.73671875 0.32578125 0.4015625 0.2078125
8 0.95625 0.3953125 0.0875 0.06875
5 0.2234375 0.5140625 0.3375 0.16875
5 0.25 0.76328125 0.5 0.4734375
7 0.62578125 0.5140625 0.2515625 0.16875
8 0.6328125 0.5984375 0.1578125 0.121875
8 0.54609375 0.75078125 0.0921875 0.1328125
7 0.54140625 0.88359375 0.0828125 0.2328125
1 0.8484375 0.53984375 0.303125 0.2203125
9 0.8703125 0.45078125 0.146875 0.0421875
9 0.7234375 0.80859375 0.1015625 0.1296875
1 0.73828125 0.8359375 0.3140625 0.328125