6 0.21953125 0.234375 0.4390625 0.46875
4 0.596875 0.19140625 0.253125 0.3828125
7 0.63671875 0.2921875 0.3953125 0.353125
8 0.67109375 0.0859375 0.14375 0.1109375
6 0.321875 0.665625 0.234375 0.39375
7 0.86796875 0.6046875 0.2640625 0.271875
7 0.63515625 0.88828125 0.2796875 0.2234375
8 0.740625 0.68671875 0.11875 0.1140625
8 0.7 0.77265625 0.1078125 0.0796875
1 0.63671875 0.51953125 0.3015625 0.1015625
1 0.54765625 0.7640625 0.2171875 0.275
9 0.6359375 0.48203125 0.090625 0.0265625
9 0.54453125 0.728125 0.071875 0.0921875
4 0.8828125 0.896875 0.234375 0.20625