6 0.17109375 0.1 0.3421875 0.159375
6 0.3328125 0.10546875 0.29375 0.1484375
6 0.23984375 0.58984375 0.4796875 0.8203125
9 0.61484375 0.5796875 0.2703125 0.525
9 0.8265625 0.415625 0.321875 0.2609375
9 0.9734375 0.5546875 0.053125 0.115625
2 0.95078125 0.8015625 0.0984375 0.396875
3 0.596875 0.8828125 0.234375 0.18125
8 0.68828125 0.86875 0.0265625 0.040625
8 0.66953125 0.7578125 0.025 0.0421875
7 0.60625 0.73359375 0.1546875 0.1375
5 0.709375 0.80234375 0.0640625 0.090625
1 0.75234375 0.87734375 0.096875 0.121875
9 0.759375 0.82578125 0.0234375 0.0140625
3 0.8609375 0.80625 0.15625 0.1546875
3 0.865625 0.89609375 0.1734375 0.153125
2 0.95078125 0.80390625 0.0984375 0.3921875