6 0.28046875 0.09140625 0.5609375 0.1828125
6 0.75859375 0.109375 0.3796875 0.21875
6 0.87265625 0.109375 0.2546875 0.21875
7 0.11875 0.41015625 0.2375 0.3828125
8 0.12265625 0.5671875 0.175 0.14375
8 0.053125 0.7390625 0.10625 0.153125
7 0.07109375 0.8765625 0.1421875 0.246875
1 0.353125 0.4140625 0.43125 0.390625
9 0.340625 0.32578125 0.16875 0.175
9 0.2421875 0.7734375 0.1171875 0.1421875
1 0.2671875 0.8078125 0.371875 0.384375
7 0.70234375 0.7640625 0.2671875 0.471875
4 0.82734375 0.621875 0.3453125 0.75625
4 0.70859375 0.778125 0.2796875 0.44375