6 0.275 0.23984375 0.55 0.4796875
7 0.63671875 0.19140625 0.1734375 0.3828125
7 0.45546875 0.73984375 0.1890625 0.5203125
4 0.3046875 0.69140625 0.20625 0.4234375
7 0.16171875 0.646875 0.1859375 0.29375
1 0.128125 0.85 0.25625 0.3
1 0.01953125 0.77890625 0.0390625 0.2265625
9 0.13359375 0.76484375 0.103125 0.0703125
7 0.9578125 0.86640625 0.084375 0.2671875
1 0.90546875 0.80625 0.1890625 0.375
9 0.91875 0.7203125 0.103125 0.0734375
4 0.72578125 0.73984375 0.2265625 0.5203125
4 0.66171875 0.73984375 0.2234375 0.5203125