6 0.2875 0.3046875 0.2625 0.609375
6 0.17109375 0.3046875 0.3421875 0.609375
7 0.609375 0.07890625 0.321875 0.1578125
4 0.81796875 0.178125 0.2578125 0.35625
4 0.9453125 0.19140625 0.109375 0.3828125
7 0.84609375 0.43984375 0.3078125 0.3390625
8 0.73828125 0.3984375 0.0984375 0.121875
1 0.721875 0.51015625 0.284375 0.1984375
9 0.6640625 0.50859375 0.09375 0.0859375
9 0.590625 0.24609375 0.1 0.0671875
1 0.61171875 0.309375 0.2296875 0.321875
6 0.31171875 0.7921875 0.2140625 0.365625
6 0.86015625 0.83671875 0.2796875 0.3265625