6 0.18984375 0.13984375 0.3796875 0.2796875
1 0.71953125 0.2234375 0.3640625 0.1125
1 0.590625 0.0734375 0.421875 0.146875
8 0.4859375 0.17890625 0.1578125 0.125
6 0.18984375 0.703125 0.3796875 0.59375
9 0.503125 0.57890625 0.0484375 0.0171875
9 0.6328125 0.6765625 0.09375 0.0515625
1 0.51875 0.6640625 0.1140625 0.209375
1 0.58828125 0.80859375 0.2390625 0.3796875
7 0.91171875 0.63984375 0.1765625 0.7203125
4 0.94453125 0.3296875 0.1109375 0.1
4 0.8234375 0.590625 0.1515625 0.5828125
7 0.71640625 0.63046875 0.153125 0.26875