9 0.13671875 0.43671875 0.2734375 0.2546875
3 0.83828125 0.2078125 0.3234375 0.415625
3 0.69375 0.06875 0.19375 0.1375
7 0.7578125 0.5 0.484375 0.459375
7 0.48515625 0.24375 0.1328125 0.378125
8 0.45703125 0.04921875 0.0765625 0.0984375
1 0.7078125 0.20859375 0.1578125 0.30625
9 0.68984375 0.17265625 0.0671875 0.0734375
1 0.48046875 0.03046875 0.1234375 0.0609375
4 0.45078125 0.346875 0.0640625 0.471875
4 0.58515625 0.2828125 0.3234375 0.565625
3 0.33359375 0.8953125 0.1703125 0.209375
3 0.1984375 0.90234375 0.259375 0.1953125
3 0.09453125 0.884375 0.1890625 0.23125
2 0.709375 0.86484375 0.58125 0.2703125