3 0.09453125 0.30234375 0.1890625 0.5546875
7 0.446875 0.27265625 0.09375 0.1796875
6 0.540625 0.44296875 0.28125 0.2734375
6 0.6625 0.2453125 0.1640625 0.26875
6 0.8578125 0.2953125 0.278125 0.275
6 0.7921875 0.4390625 0.315625 0.28125
8 0.484375 0.3609375 0.0296875 0.028125
7 0.35078125 0.7890625 0.0984375 0.253125
7 0.3234375 0.9375 0.103125 0.125
8 0.3703125 0.6453125 0.059375 0.0375
8 0.328125 0.8546875 0.0609375 0.0484375
8 0.3875 0.9140625 0.025 0.05625
1 0.69765625 0.78984375 0.3796875 0.4203125