3 0.25546875 0.26640625 0.4296875 0.5328125
1 0.63046875 0.3953125 0.0609375 0.2875
3 0.665625 0.1953125 0.13125 0.25
4 0.78359375 0.1828125 0.3671875 0.3625
4 0.771875 0.29375 0.309375 0.490625
7 0.734375 0.24140625 0.2 0.2765625
8 0.76015625 0.0875 0.1328125 0.1484375
9 0.06953125 0.70703125 0.0625 0.03125
9 0.3171875 0.75703125 0.0921875 0.0328125
9 0.54140625 0.77578125 0.090625 0.0390625
1 0.0953125 0.8359375 0.190625 0.328125
1 0.27734375 0.85625 0.3171875 0.2875
1 0.48828125 0.86640625 0.2234375 0.2671875
1 0.8 0.76953125 0.4 0.4609375