9 0.25546875 0.1609375 0.1046875 0.0421875
9 0.03359375 0.12890625 0.0671875 0.0296875
1 0.33515625 0.40625 0.1078125 0.4875
1 0.215625 0.3890625 0.290625 0.521875
1 0.07421875 0.3578125 0.1484375 0.49375
3 0.44375 0.2359375 0.109375 0.471875
3 0.8921875 0.08203125 0.215625 0.1640625
3 0.6703125 0.053125 0.26875 0.10625
9 0.41484375 0.4734375 0.0515625 0.053125
1 0.58046875 0.50078125 0.3828125 0.2328125
7 0.72890625 0.28203125 0.5421875 0.3203125
4 0.13984375 0.89609375 0.1859375 0.2078125
7 0.02265625 0.825 0.0453125 0.35
7 0.303125 0.93046875 0.171875 0.1390625
2 0.8671875 0.821875 0.265625 0.34375