3 0.14453125 0.325 0.2890625 0.65
7 0.45390625 0.4125 0.3296875 0.475
7 0.64140625 0.571875 0.1421875 0.15625
7 0.78125 0.6234375 0.171875 0.053125
7 0.77890625 0.5453125 0.1546875 0.209375
8 0.82890625 0.59375 0.0875 0.0796875
8 0.82578125 0.43359375 0.06875 0.0578125
8 0.66015625 0.48203125 0.0734375 0.065625
8 0.446875 0.14140625 0.11875 0.0921875
5 0.14453125 0.82734375 0.2890625 0.3453125
3 0.39453125 0.8203125 0.1734375 0.340625
3 0.75 0.7859375 0.5 0.271875
1 0.7625 0.92421875 0.3 0.1515625
9 0.778125 0.89921875 0.0671875 0.0546875
7 0.515625 0.83046875 0.375 0.3390625
8 0.52109375 0.67265625 0.1265625 0.0453125